results:
  endofexp_other_rating_neg: 6.950795532399825e-05
  endofexp_other_rating_pos: 0.9936798947594161
  endofexp_other_rating_zero: 0.006250597285259993
  endofexp_p_self_action_press: 0.16
  endofexp_self_rating_neg: 0.40226572426427926
  endofexp_self_rating_pos: 0.020569947358925957
  endofexp_self_rating_zero: 0.5771643283767947
