results:
  endofexp_other_rating_neg: 0.39003159307223456
  endofexp_other_rating_pos: 0.23544135464684948
  endofexp_other_rating_zero: 0.37452705228091593
  endofexp_p_self_action_press: 0.4
  endofexp_self_rating_neg: 0.43096591884463026
  endofexp_self_rating_pos: 0.20470650572061108
  endofexp_self_rating_zero: 0.3643275754347587
