results:
  endofexp_other_rating_neg: 0.43424333976756446
  endofexp_other_rating_pos: 0.2114055504060381
  endofexp_other_rating_zero: 0.35435110982639745
  endofexp_p_self_action_press: 0.48
  endofexp_self_rating_neg: 0.265599753598555
  endofexp_self_rating_pos: 0.3673818370152249
  endofexp_self_rating_zero: 0.3670184093862201
