results:
  endofexp_other_rating_neg: 0.23397866699128275
  endofexp_other_rating_pos: 0.3895632366298911
  endofexp_other_rating_zero: 0.37645809637882616
  endofexp_p_self_action_press: 0.52
  endofexp_self_rating_neg: 0.15257411576926982
  endofexp_self_rating_pos: 0.5074301780765132
  endofexp_self_rating_zero: 0.33999570615421687
