results:
  endofexp_other_rating_neg: 0.0004990473395263767
  endofexp_other_rating_pos: 0.9522161827431708
  endofexp_other_rating_zero: 0.04728476991730285
  endofexp_p_self_action_press: 0.08
  endofexp_self_rating_neg: 0.20179201091133778
  endofexp_self_rating_pos: 0.3396674507332655
  endofexp_self_rating_zero: 0.45854053835539665
