results:
  endofexp_other_rating_neg: 0.2483494884300128
  endofexp_other_rating_pos: 0.3960609914698117
  endofexp_other_rating_zero: 0.35558952010017547
  endofexp_p_self_action_press: 0.4
  endofexp_self_rating_neg: 0.43449660664908385
  endofexp_self_rating_pos: 0.18266554911880833
  endofexp_self_rating_zero: 0.3828378442321078
