results:
  endofexp_other_rating_neg: 0.9543631439562911
  endofexp_other_rating_pos: 0.00019406630309213086
  endofexp_other_rating_zero: 0.04544278974061692
  endofexp_p_self_action_press: 0.08
  endofexp_self_rating_neg: 0.026263694232035666
  endofexp_self_rating_pos: 0.6836604097054317
  endofexp_self_rating_zero: 0.29007589606253253
