results:
  endofexp_other_rating_neg: 0.44643778975836174
  endofexp_other_rating_pos: 0.11371499971381034
  endofexp_other_rating_zero: 0.43984721052782794
  endofexp_p_self_action_press: 0.6
  endofexp_self_rating_neg: 9.105608943491902e-06
  endofexp_self_rating_pos: 0.9894115195568601
  endofexp_self_rating_zero: 0.010579374834196433
