results:
  endofexp_other_rating_neg: 0.1695685550305106
  endofexp_other_rating_pos: 0.3259008790783601
  endofexp_other_rating_zero: 0.5045305658911293
  endofexp_p_self_action_press: 0.32
  endofexp_self_rating_neg: 0.9718842918573962
  endofexp_self_rating_pos: 0.00026554668227321933
  endofexp_self_rating_zero: 0.027850161460330515
