results:
  endofexp_other_rating_neg: 0.2446394284414122
  endofexp_other_rating_pos: 0.24430720867454353
  endofexp_other_rating_zero: 0.5110533628840442
  endofexp_p_self_action_press: 0.64
  endofexp_self_rating_neg: 0.0003715266370136927
  endofexp_self_rating_pos: 0.9670321777796986
  endofexp_self_rating_zero: 0.03259629558328773
