results:
  endofexp_other_rating_neg: 0.00023589194497510276
  endofexp_other_rating_pos: 0.936973459613906
  endofexp_other_rating_zero: 0.06279064844111884
  endofexp_p_self_action_press: 0.12
  endofexp_self_rating_neg: 0.044582499272684234
  endofexp_self_rating_pos: 0.4782457203099377
  endofexp_self_rating_zero: 0.47717178041737807
