results:
  endofexp_other_rating_neg: 0.015308313264329406
  endofexp_other_rating_pos: 0.4821276716754061
  endofexp_other_rating_zero: 0.5025640150602645
  endofexp_p_self_action_press: 0.36
  endofexp_self_rating_neg: 0.9866862341848668
  endofexp_self_rating_pos: 0.00014228979591332023
  endofexp_self_rating_zero: 0.013171476019219766
