results:
  endofexp_other_rating_neg: 0.6512209611992545
  endofexp_other_rating_pos: 0.07461728119608901
  endofexp_other_rating_zero: 0.27416175760465644
  endofexp_p_self_action_press: 0.24
  endofexp_self_rating_neg: 0.5241375128737795
  endofexp_self_rating_pos: 0.15220534647456385
  endofexp_self_rating_zero: 0.32365714065165674
