results:
  endofexp_other_rating_neg: 0.2662184509033764
  endofexp_other_rating_pos: 0.3885952220474839
  endofexp_other_rating_zero: 0.3451863270491397
  endofexp_p_self_action_press: 0.4
  endofexp_self_rating_neg: 0.3907478717404983
  endofexp_self_rating_pos: 0.23771976313114526
  endofexp_self_rating_zero: 0.37153236512835636
