results:
  endofexp_other_rating_neg: 0.5701024049697507
  endofexp_other_rating_pos: 0.04497396556622043
  endofexp_other_rating_zero: 0.3849236294640289
  endofexp_p_self_action_press: 0.28
  endofexp_self_rating_neg: 0.9621286902248665
  endofexp_self_rating_pos: 0.0004328241008409358
  endofexp_self_rating_zero: 0.03743848567429258
