results:
  endofexp_other_rating_neg: 0.22808172841329905
  endofexp_other_rating_pos: 0.2519255450911458
  endofexp_other_rating_zero: 0.5199927264955552
  endofexp_p_self_action_press: 0.64
  endofexp_self_rating_neg: 0.00023993376772322254
  endofexp_self_rating_pos: 0.9735022555983311
  endofexp_self_rating_zero: 0.026257810633945694
