results:
  endofexp_other_rating_neg: 0.32563458363273123
  endofexp_other_rating_pos: 0.16927257683234226
  endofexp_other_rating_zero: 0.5050928395349266
  endofexp_p_self_action_press: 0.32
  endofexp_self_rating_neg: 0.9712053468073589
  endofexp_self_rating_pos: 0.0002945313759924382
  endofexp_self_rating_zero: 0.028500121816648433
