results:
  endofexp_other_rating_neg: 0.6034888777587163
  endofexp_other_rating_pos: 0.10171115939931934
  endofexp_other_rating_zero: 0.2947999628419644
  endofexp_p_self_action_press: 0.96
  endofexp_self_rating_neg: 0.2422338146804802
  endofexp_self_rating_pos: 0.4064932180340486
  endofexp_self_rating_zero: 0.35127296728547125
