results:
  endofexp_other_rating_neg: 0.9577264165036313
  endofexp_other_rating_pos: 0.0002870759452197272
  endofexp_other_rating_zero: 0.04198650755114887
  endofexp_p_self_action_press: 0.08
  endofexp_self_rating_neg: 0.09985017544512133
  endofexp_self_rating_pos: 0.487654005391941
  endofexp_self_rating_zero: 0.4124958191629377
