results:
  endofexp_other_rating_neg: 0.1802837679845736
  endofexp_other_rating_pos: 0.48014398090425314
  endofexp_other_rating_zero: 0.3395722511111733
  endofexp_p_self_action_press: 0.6
  endofexp_self_rating_neg: 0.26240207316395364
  endofexp_self_rating_pos: 0.3770437826585219
  endofexp_self_rating_zero: 0.36055414417752446
