results:
  endofexp_other_rating_neg: 0.0005231171591091251
  endofexp_other_rating_pos: 0.952235498222878
  endofexp_other_rating_zero: 0.047241384618012985
  endofexp_p_self_action_press: 0.08
  endofexp_self_rating_neg: 0.3718912562718523
  endofexp_self_rating_pos: 0.17402628781387772
  endofexp_self_rating_zero: 0.45408245591427
