results:
  endofexp_other_rating_neg: 0.8237041566435507
  endofexp_other_rating_pos: 0.004038543707524104
  endofexp_other_rating_zero: 0.17225729964892522
  endofexp_p_self_action_press: 0.08
  endofexp_self_rating_neg: 0.3359721319504068
  endofexp_self_rating_pos: 0.07143888303594748
  endofexp_self_rating_zero: 0.5925889850136458
