results:
  endofexp_other_rating_neg: 0.48195825348415633
  endofexp_other_rating_pos: 0.055957263271437505
  endofexp_other_rating_zero: 0.46208448324440626
  endofexp_p_self_action_press: 0.52
  endofexp_self_rating_neg: 0.9592838672931905
  endofexp_self_rating_pos: 0.00041705887544033523
  endofexp_self_rating_zero: 0.040299073831369055
