results:
  endofexp_other_rating_neg: 0.2922328366837397
  endofexp_other_rating_pos: 0.3544016073373059
  endofexp_other_rating_zero: 0.35336555597895436
  endofexp_p_self_action_press: 0.28
  endofexp_self_rating_neg: 0.9926906230993291
  endofexp_self_rating_pos: 6.145474761129916e-06
  endofexp_self_rating_zero: 0.007303231425909764
