results:
  endofexp_other_rating_neg: 0.3193308000624488
  endofexp_other_rating_pos: 0.3364348154816279
  endofexp_other_rating_zero: 0.34423438445592325
  endofexp_p_self_action_press: 0.44
  endofexp_self_rating_neg: 0.22427892967947807
  endofexp_self_rating_pos: 0.39068861447339837
  endofexp_self_rating_zero: 0.38503245584712353
