results:
  endofexp_other_rating_neg: 0.9625507964552928
  endofexp_other_rating_pos: 0.00028578158625113063
  endofexp_other_rating_zero: 0.037163421958456094
  endofexp_p_self_action_press: 0.08
  endofexp_self_rating_neg: 0.26644759432204046
  endofexp_self_rating_pos: 0.26301848656332133
  endofexp_self_rating_zero: 0.47053391911463816
