results:
  endofexp_other_rating_neg: 0.04841319848978976
  endofexp_other_rating_pos: 0.5630329259117525
  endofexp_other_rating_zero: 0.3885538755984578
  endofexp_p_self_action_press: 0.32
  endofexp_self_rating_neg: 0.975473581283929
  endofexp_self_rating_pos: 0.00021438410045149752
  endofexp_self_rating_zero: 0.024312034615619472
