results:
  endofexp_other_rating_neg: 0.10362678264664388
  endofexp_other_rating_pos: 0.44093049924319505
  endofexp_other_rating_zero: 0.45544271811016096
  endofexp_p_self_action_press: 0.24
  endofexp_self_rating_neg: 0.9580919601131722
  endofexp_self_rating_pos: 0.0006002822637300928
  endofexp_self_rating_zero: 0.04130775762309774
