results:
  endofexp_other_rating_neg: 0.21835934340544175
  endofexp_other_rating_pos: 0.3923198336899727
  endofexp_other_rating_zero: 0.38932082290458564
  endofexp_p_self_action_press: 0.48
  endofexp_self_rating_neg: 0.4511885602311984
  endofexp_self_rating_pos: 0.173843092253313
  endofexp_self_rating_zero: 0.3749683475154885
