results:
  endofexp_other_rating_neg: 0.6668201731360612
  endofexp_other_rating_pos: 0.019193645415571555
  endofexp_other_rating_zero: 0.3139861814483674
  endofexp_p_self_action_press: 0.36
  endofexp_self_rating_neg: 0.9167988556835942
  endofexp_self_rating_pos: 0.0019514506721946372
  endofexp_self_rating_zero: 0.0812496936442112
