results:
  endofexp_other_rating_neg: 0.00048092486938233845
  endofexp_other_rating_pos: 0.9390938125949473
  endofexp_other_rating_zero: 0.06042526253567039
  endofexp_p_self_action_press: 0.08
  endofexp_self_rating_neg: 0.680700989505837
  endofexp_self_rating_pos: 0.025088257547389654
  endofexp_self_rating_zero: 0.29421075294677335
