results:
  endofexp_other_rating_neg: 0.12623768166134877
  endofexp_other_rating_pos: 0.35479547963207936
  endofexp_other_rating_zero: 0.5189668387065719
  endofexp_p_self_action_press: 0.64
  endofexp_self_rating_neg: 0.00019394476382494658
  endofexp_self_rating_pos: 0.9732809690637154
  endofexp_self_rating_zero: 0.026525086172459737
