results:
  endofexp_other_rating_neg: 0.1283045881958965
  endofexp_other_rating_pos: 0.40918073063479093
  endofexp_other_rating_zero: 0.4625146811693126
  endofexp_p_self_action_press: 0.4
  endofexp_self_rating_neg: 0.9763879179162872
  endofexp_self_rating_pos: 0.00022422641741718725
  endofexp_self_rating_zero: 0.02338785566629547
