results:
  endofexp_other_rating_neg: 0.8379262120687883
  endofexp_other_rating_pos: 0.0033655960505541618
  endofexp_other_rating_zero: 0.1587081918806577
  endofexp_p_self_action_press: 0.12
  endofexp_self_rating_neg: 0.4180621958261087
  endofexp_self_rating_pos: 0.03478467314212042
  endofexp_self_rating_zero: 0.5471531310317709
