results:
  endofexp_other_rating_neg: 0.37606916495912457
  endofexp_other_rating_pos: 0.12795972865246064
  endofexp_other_rating_zero: 0.49597110638841474
  endofexp_p_self_action_press: 0.6
  endofexp_self_rating_neg: 0.00026107148622590446
  endofexp_self_rating_pos: 0.9711275743653978
  endofexp_self_rating_zero: 0.02861135414837626
