results:
  endofexp_other_rating_neg: 0.41648227094487883
  endofexp_other_rating_pos: 0.09202995857098793
  endofexp_other_rating_zero: 0.4914877704841333
  endofexp_p_self_action_press: 0.64
  endofexp_self_rating_neg: 0.00025940167306247054
  endofexp_self_rating_pos: 0.9664291381268297
  endofexp_self_rating_zero: 0.0333114602001078
