results:
  endofexp_other_rating_neg: 0.0002837787992082805
  endofexp_other_rating_pos: 0.9562184440386039
  endofexp_other_rating_zero: 0.04349777716218793
  endofexp_p_self_action_press: 0.88
  endofexp_self_rating_neg: 0.07042001204982166
  endofexp_self_rating_pos: 0.5370355399303368
  endofexp_self_rating_zero: 0.39254444801984145
