results:
  endofexp_other_rating_neg: 0.9537502687010316
  endofexp_other_rating_pos: 0.0004816745568079469
  endofexp_other_rating_zero: 0.045768056742160494
  endofexp_p_self_action_press: 0.08
  endofexp_self_rating_neg: 0.37869637967214553
  endofexp_self_rating_pos: 0.16812347916427015
  endofexp_self_rating_zero: 0.4531801411635842
