results:
  endofexp_other_rating_neg: 0.43732516860145393
  endofexp_other_rating_pos: 0.21737547915049404
  endofexp_other_rating_zero: 0.34529935224805214
  endofexp_p_self_action_press: 0.64
  endofexp_self_rating_neg: 5.2554710131740785e-06
  endofexp_self_rating_pos: 0.9946077832478585
  endofexp_self_rating_zero: 0.005386961281128366
