results:
  endofexp_other_rating_neg: 0.2305519191439906
  endofexp_other_rating_pos: 0.421931951698308
  endofexp_other_rating_zero: 0.3475161291577014
  endofexp_p_self_action_press: 0.28
  endofexp_self_rating_neg: 0.9941304055866182
  endofexp_self_rating_pos: 7.89638565023599e-06
  endofexp_self_rating_zero: 0.00586169802773148
