results:
  endofexp_other_rating_neg: 0.9316014726444621
  endofexp_other_rating_pos: 0.00097723794484846
  endofexp_other_rating_zero: 0.0674212894106894
  endofexp_p_self_action_press: 0.08
  endofexp_self_rating_neg: 0.05573578704492743
  endofexp_self_rating_pos: 0.5859147317222445
  endofexp_self_rating_zero: 0.3583494812328279
