results:
  endofexp_other_rating_neg: 0.3731456091611563
  endofexp_other_rating_pos: 0.27339895288057015
  endofexp_other_rating_zero: 0.3534554379582736
  endofexp_p_self_action_press: 0.32
  endofexp_self_rating_neg: 0.9930989084147054
  endofexp_self_rating_pos: 1.075686129916949e-05
  endofexp_self_rating_zero: 0.0068903347239954
