results:
  endofexp_other_rating_neg: 0.0006525370005842027
  endofexp_other_rating_pos: 0.9480180646393216
  endofexp_other_rating_zero: 0.051329398360094175
  endofexp_p_self_action_press: 0.08
  endofexp_self_rating_neg: 0.5069018177872138
  endofexp_self_rating_pos: 0.08174757402465346
  endofexp_self_rating_zero: 0.41135060818813274
