results:
  endofexp_other_rating_neg: 0.0846582290977242
  endofexp_other_rating_pos: 0.4142220039798202
  endofexp_other_rating_zero: 0.5011197669224556
  endofexp_p_self_action_press: 0.64
  endofexp_self_rating_neg: 0.00021286347087132846
  endofexp_self_rating_pos: 0.9704239233579439
  endofexp_self_rating_zero: 0.02936321317118471
