results:
  endofexp_other_rating_neg: 0.26391467226903376
  endofexp_other_rating_pos: 0.42867989643181925
  endofexp_other_rating_zero: 0.307405431299147
  endofexp_p_self_action_press: 0.32
  endofexp_self_rating_neg: 0.9925846859430515
  endofexp_self_rating_pos: 4.3770987417840156e-05
  endofexp_self_rating_zero: 0.007371543069530489
