results:
  endofexp_other_rating_neg: 0.39300377213892246
  endofexp_other_rating_pos: 0.24804173058923343
  endofexp_other_rating_zero: 0.3589544972718441
  endofexp_p_self_action_press: 0.6
  endofexp_self_rating_neg: 0.3179361300143682
  endofexp_self_rating_pos: 0.3343629591469427
  endofexp_self_rating_zero: 0.34770091083868904
