results:
  endofexp_other_rating_neg: 0.3776534349910833
  endofexp_other_rating_pos: 0.12162166157359601
  endofexp_other_rating_zero: 0.5007249034353206
  endofexp_p_self_action_press: 0.6
  endofexp_self_rating_neg: 0.00018140411996925992
  endofexp_self_rating_pos: 0.9765414787341656
  endofexp_self_rating_zero: 0.023277117145865146
