results:
  endofexp_other_rating_neg: 0.9552673576375105
  endofexp_other_rating_pos: 0.0002462653369421091
  endofexp_other_rating_zero: 0.04448637702554731
  endofexp_p_self_action_press: 0.08
  endofexp_self_rating_neg: 0.3829030809306952
  endofexp_self_rating_pos: 0.171570525891489
  endofexp_self_rating_zero: 0.4455263931778157
