results:
  endofexp_other_rating_neg: 0.2575512031566554
  endofexp_other_rating_pos: 0.2775345227299442
  endofexp_other_rating_zero: 0.4649142741134004
  endofexp_p_self_action_press: 0.64
  endofexp_self_rating_neg: 1.3723841321599665e-05
  endofexp_self_rating_pos: 0.9892943849740231
  endofexp_self_rating_zero: 0.010691891184655187
