results:
  endofexp_other_rating_neg: 0.01433180321518631
  endofexp_other_rating_pos: 0.8176443780814175
  endofexp_other_rating_zero: 0.16802381870339614
  endofexp_p_self_action_press: 0.08
  endofexp_self_rating_neg: 0.3401219344187203
  endofexp_self_rating_pos: 0.1293409875485088
  endofexp_self_rating_zero: 0.530537078032771
