results:
  endofexp_other_rating_neg: 0.0004880853960436992
  endofexp_other_rating_pos: 0.9353573493115277
  endofexp_other_rating_zero: 0.06415456529242859
  endofexp_p_self_action_press: 0.04
  endofexp_self_rating_neg: 0.6310953626584372
  endofexp_self_rating_pos: 0.03362707828908298
  endofexp_self_rating_zero: 0.3352775590524799
