results:
  endofexp_other_rating_neg: 0.7390989635436169
  endofexp_other_rating_pos: 0.03671592022674205
  endofexp_other_rating_zero: 0.22418511622964102
  endofexp_p_self_action_press: 0.12
  endofexp_self_rating_neg: 0.0016137847921604306
  endofexp_self_rating_pos: 0.8249343172910288
  endofexp_self_rating_zero: 0.17345189791681065
