results:
  endofexp_other_rating_neg: 0.23584755913856745
  endofexp_other_rating_pos: 0.2416828691460335
  endofexp_other_rating_zero: 0.5224695717153991
  endofexp_p_self_action_press: 0.6
  endofexp_self_rating_neg: 0.00020298123265495734
  endofexp_self_rating_pos: 0.9739370669053619
  endofexp_self_rating_zero: 0.02585995186198306
