results:
  endofexp_other_rating_neg: 0.3256217564468688
  endofexp_other_rating_pos: 0.2914458159240555
  endofexp_other_rating_zero: 0.3829324276290757
  endofexp_p_self_action_press: 0.56
  endofexp_self_rating_neg: 0.0007761420814513671
  endofexp_self_rating_pos: 0.7862186102532611
  endofexp_self_rating_zero: 0.21300524766528744
