results:
  endofexp_other_rating_neg: 0.00028683446216871923
  endofexp_other_rating_pos: 0.9602920211052883
  endofexp_other_rating_zero: 0.039421144432542785
  endofexp_p_self_action_press: 0.08
  endofexp_self_rating_neg: 0.23173409471156226
  endofexp_self_rating_pos: 0.295725988771164
  endofexp_self_rating_zero: 0.47253991651727373
