results:
  endofexp_other_rating_neg: 0.26476389496746744
  endofexp_other_rating_pos: 0.38317184222461054
  endofexp_other_rating_zero: 0.35206426280792197
  endofexp_p_self_action_press: 0.32
  endofexp_self_rating_neg: 0.9943563810108209
  endofexp_self_rating_pos: 7.244028697500303e-06
  endofexp_self_rating_zero: 0.005636374960481589
