results:
  endofexp_other_rating_neg: 0.9483100335800331
  endofexp_other_rating_pos: 0.00033741112057314535
  endofexp_other_rating_zero: 0.05135255529939384
  endofexp_p_self_action_press: 0.88
  endofexp_self_rating_neg: 0.06759645420515806
  endofexp_self_rating_pos: 0.5418359829579259
  endofexp_self_rating_zero: 0.39056756283691607
