results:
  endofexp_other_rating_neg: 0.0002420530005839161
  endofexp_other_rating_pos: 0.9589810340191077
  endofexp_other_rating_zero: 0.040776912980308326
  endofexp_p_self_action_press: 0.08
  endofexp_self_rating_neg: 0.03236881574033398
  endofexp_self_rating_pos: 0.6658163846563223
  endofexp_self_rating_zero: 0.3018147996033437
