results:
  endofexp_other_rating_neg: 0.2824029696619884
  endofexp_other_rating_pos: 0.3636245712940934
  endofexp_other_rating_zero: 0.3539724590439182
  endofexp_p_self_action_press: 0.28
  endofexp_self_rating_neg: 0.993624982250829
  endofexp_self_rating_pos: 7.322130973310795e-06
  endofexp_self_rating_zero: 0.006367695618197661
