results:
  endofexp_other_rating_neg: 0.9625793245695659
  endofexp_other_rating_pos: 0.0002796648745848773
  endofexp_other_rating_zero: 0.03714101055584921
  endofexp_p_self_action_press: 0.92
  endofexp_self_rating_neg: 0.03326781280130355
  endofexp_self_rating_pos: 0.6849482112578773
  endofexp_self_rating_zero: 0.2817839759408192
