results:
  endofexp_other_rating_neg: 0.0005483056484740171
  endofexp_other_rating_pos: 0.9507278227010515
  endofexp_other_rating_zero: 0.048723871650474655
  endofexp_p_self_action_press: 0.08
  endofexp_self_rating_neg: 0.17858192911061033
  endofexp_self_rating_pos: 0.36782199071681815
  endofexp_self_rating_zero: 0.4535960801725714
