results:
  endofexp_other_rating_neg: 0.17284683511402524
  endofexp_other_rating_pos: 0.4527381509295336
  endofexp_other_rating_zero: 0.3744150139564411
  endofexp_p_self_action_press: 0.48
  endofexp_self_rating_neg: 0.37062518335474576
  endofexp_self_rating_pos: 0.18907053216456465
  endofexp_self_rating_zero: 0.44030428448068953
