results:
  endofexp_other_rating_neg: 0.30021570227619804
  endofexp_other_rating_pos: 0.3296820976688427
  endofexp_other_rating_zero: 0.37010220005495925
  endofexp_p_self_action_press: 0.12
  endofexp_self_rating_neg: 0.6617938402680866
  endofexp_self_rating_pos: 0.07121890697076709
  endofexp_self_rating_zero: 0.2669872527611463
