results:
  endofexp_other_rating_neg: 0.010437462994869919
  endofexp_other_rating_pos: 0.8938158157260845
  endofexp_other_rating_zero: 0.09574672127904564
  endofexp_p_self_action_press: 0.08
  endofexp_self_rating_neg: 0.023524481692864387
  endofexp_self_rating_pos: 0.705567535389186
  endofexp_self_rating_zero: 0.2709079829179496
