results:
  endofexp_other_rating_neg: 0.23535051394248857
  endofexp_other_rating_pos: 0.38053655254812424
  endofexp_other_rating_zero: 0.3841129335093872
  endofexp_p_self_action_press: 0.52
  endofexp_self_rating_neg: 0.25584010873687363
  endofexp_self_rating_pos: 0.4184646172243015
  endofexp_self_rating_zero: 0.3256952740388248
