results:
  endofexp_other_rating_neg: 0.14651955252173657
  endofexp_other_rating_pos: 0.6686088161693736
  endofexp_other_rating_zero: 0.18487163130888978
  endofexp_p_self_action_press: 0.48
  endofexp_self_rating_neg: 0.3060686815939096
  endofexp_self_rating_pos: 0.484872283295532
  endofexp_self_rating_zero: 0.20905903511055854
