results:
  endofexp_other_rating_neg: 0.23387149359459672
  endofexp_other_rating_pos: 0.39145233035401167
  endofexp_other_rating_zero: 0.3746761760513916
  endofexp_p_self_action_press: 0.44
  endofexp_self_rating_neg: 0.2542816073159853
  endofexp_self_rating_pos: 0.39456726394569014
  endofexp_self_rating_zero: 0.3511511287383245
