results:
  endofexp_other_rating_neg: 0.46193047270640686
  endofexp_other_rating_pos: 0.08215474987297186
  endofexp_other_rating_zero: 0.45591477742062125
  endofexp_p_self_action_press: 0.64
  endofexp_self_rating_neg: 0.00017573607586068724
  endofexp_self_rating_pos: 0.9749360708164498
  endofexp_self_rating_zero: 0.024888193107689395
