results:
  endofexp_other_rating_neg: 0.2528293220803134
  endofexp_other_rating_pos: 0.22152656420702438
  endofexp_other_rating_zero: 0.5256441137126622
  endofexp_p_self_action_press: 0.64
  endofexp_self_rating_neg: 0.00018457807264495005
  endofexp_self_rating_pos: 0.9757910050682166
  endofexp_self_rating_zero: 0.024024416859138285
