results:
  endofexp_other_rating_neg: 0.3071921031278992
  endofexp_other_rating_pos: 0.4074938498551733
  endofexp_other_rating_zero: 0.28531404701692736
  endofexp_p_self_action_press: 0.44
  endofexp_self_rating_neg: 0.47368219569378234
  endofexp_self_rating_pos: 0.22148282263571037
  endofexp_self_rating_zero: 0.3048349816705072
