results:
  endofexp_other_rating_neg: 0.33339559585896206
  endofexp_other_rating_pos: 0.11123164829838633
  endofexp_other_rating_zero: 0.5553727558426516
  endofexp_p_self_action_press: 0.64
  endofexp_self_rating_neg: 0.00014566569624140582
  endofexp_self_rating_pos: 0.9715271448982352
  endofexp_self_rating_zero: 0.028327189405523315
