results:
  endofexp_other_rating_neg: 0.31143099678003444
  endofexp_other_rating_pos: 0.31496438346546907
  endofexp_other_rating_zero: 0.37360461975449655
  endofexp_p_self_action_press: 0.44
  endofexp_self_rating_neg: 0.3138423793959992
  endofexp_self_rating_pos: 0.32908049019906155
  endofexp_self_rating_zero: 0.3570771304049392
