results:
  endofexp_other_rating_neg: 0.31140974047205666
  endofexp_other_rating_pos: 0.3050608462011584
  endofexp_other_rating_zero: 0.38352941332678503
  endofexp_p_self_action_press: 0.4
  endofexp_self_rating_neg: 0.3598211179754238
  endofexp_self_rating_pos: 0.2528518234441475
  endofexp_self_rating_zero: 0.3873270585804287
