results:
  endofexp_other_rating_neg: 0.3811762204525031
  endofexp_other_rating_pos: 0.308830221845305
  endofexp_other_rating_zero: 0.30999355770219184
  endofexp_p_self_action_press: 0.4
  endofexp_self_rating_neg: 0.6395594081612915
  endofexp_self_rating_pos: 0.1112327145186592
  endofexp_self_rating_zero: 0.24920787732004931
