results:
  endofexp_other_rating_neg: 0.3625571770136586
  endofexp_other_rating_pos: 0.11315961704596421
  endofexp_other_rating_zero: 0.5242832059403771
  endofexp_p_self_action_press: 0.6
  endofexp_self_rating_neg: 0.00014785540314059798
  endofexp_self_rating_pos: 0.9760481520022024
  endofexp_self_rating_zero: 0.023803992594657007
