results:
  endofexp_other_rating_neg: 0.255334823869755
  endofexp_other_rating_pos: 0.4188640347442761
  endofexp_other_rating_zero: 0.32580114138596894
  endofexp_p_self_action_press: 0.52
  endofexp_self_rating_neg: 0.36593351853915523
  endofexp_self_rating_pos: 0.30212470612634956
  endofexp_self_rating_zero: 0.3319417753344952
