results:
  endofexp_other_rating_neg: 0.9480647455154456
  endofexp_other_rating_pos: 0.0004908825156360233
  endofexp_other_rating_zero: 0.051444371968918316
  endofexp_p_self_action_press: 0.08
  endofexp_self_rating_neg: 0.12726093555534126
  endofexp_self_rating_pos: 0.4429472405305022
  endofexp_self_rating_zero: 0.4297918239141565
