results:
  endofexp_other_rating_neg: 0.9405855803869837
  endofexp_other_rating_pos: 9.366350234074421e-05
  endofexp_other_rating_zero: 0.05932075611067555
  endofexp_p_self_action_press: 0.08
  endofexp_self_rating_neg: 0.4096071815273128
  endofexp_self_rating_pos: 0.07373623011206881
  endofexp_self_rating_zero: 0.5166565883606185
