results:
  endofexp_other_rating_neg: 0.008139646632690753
  endofexp_other_rating_pos: 0.903559238870162
  endofexp_other_rating_zero: 0.08830111449714732
  endofexp_p_self_action_press: 0.08
  endofexp_self_rating_neg: 0.19174083967620947
  endofexp_self_rating_pos: 0.4011492030819395
  endofexp_self_rating_zero: 0.407109957241851
