results:
  endofexp_other_rating_neg: 0.41839587608145123
  endofexp_other_rating_pos: 0.11586948479245521
  endofexp_other_rating_zero: 0.4657346391260936
  endofexp_p_self_action_press: 0.44
  endofexp_self_rating_neg: 0.9692708580757288
  endofexp_self_rating_pos: 0.00028107389266295924
  endofexp_self_rating_zero: 0.030448068031608433
