results:
  endofexp_other_rating_neg: 0.3780141997017448
  endofexp_other_rating_pos: 0.275207833472553
  endofexp_other_rating_zero: 0.3467779668257023
  endofexp_p_self_action_press: 0.48
  endofexp_self_rating_neg: 0.2010319542444298
  endofexp_self_rating_pos: 0.4614791919573309
  endofexp_self_rating_zero: 0.3374888537982393
