results:
  endofexp_other_rating_neg: 0.9330242613138089
  endofexp_other_rating_pos: 0.0006909797513561505
  endofexp_other_rating_zero: 0.06628475893483497
  endofexp_p_self_action_press: 0.08
  endofexp_self_rating_neg: 0.573430255782987
  endofexp_self_rating_pos: 0.05044574948508425
  endofexp_self_rating_zero: 0.37612399473192876
