results:
  endofexp_other_rating_neg: 0.0003257329155286216
  endofexp_other_rating_pos: 0.9515308291598724
  endofexp_other_rating_zero: 0.04814343792459896
  endofexp_p_self_action_press: 0.08
  endofexp_self_rating_neg: 0.14755884782706533
  endofexp_self_rating_pos: 0.4070352171130185
  endofexp_self_rating_zero: 0.44540593505991627
