results:
  endofexp_other_rating_neg: 0.3542505896630113
  endofexp_other_rating_pos: 0.17978054771133287
  endofexp_other_rating_zero: 0.4659688626256558
  endofexp_p_self_action_press: 0.36
  endofexp_self_rating_neg: 0.9775429135876027
  endofexp_self_rating_pos: 0.00029572362827923144
  endofexp_self_rating_zero: 0.022161362784118063
