results:
  endofexp_other_rating_neg: 0.4609744675768179
  endofexp_other_rating_pos: 0.05298370083228175
  endofexp_other_rating_zero: 0.48604183159090036
  endofexp_p_self_action_press: 0.64
  endofexp_self_rating_neg: 0.00015995266887739007
  endofexp_self_rating_pos: 0.9680723932754904
  endofexp_self_rating_zero: 0.03176765405563231
