results:
  endofexp_other_rating_neg: 0.0007847716948803292
  endofexp_other_rating_pos: 0.9365702680112868
  endofexp_other_rating_zero: 0.0626449602938328
  endofexp_p_self_action_press: 0.04
  endofexp_self_rating_neg: 0.4373440026586687
  endofexp_self_rating_pos: 0.13806063472679878
  endofexp_self_rating_zero: 0.4245953626145325
