results:
  endofexp_other_rating_neg: 0.18191019558315638
  endofexp_other_rating_pos: 0.2636866079418713
  endofexp_other_rating_zero: 0.5544031964749724
  endofexp_p_self_action_press: 0.64
  endofexp_self_rating_neg: 0.0001813697508738943
  endofexp_self_rating_pos: 0.9734017372784406
  endofexp_self_rating_zero: 0.026416892970685453
