results:
  endofexp_other_rating_neg: 0.32632750944294525
  endofexp_other_rating_pos: 0.30159811713149853
  endofexp_other_rating_zero: 0.37207437342555616
  endofexp_p_self_action_press: 0.8
  endofexp_self_rating_neg: 0.06267295530845166
  endofexp_self_rating_pos: 0.6803469324817745
  endofexp_self_rating_zero: 0.256980112209774
