results:
  endofexp_other_rating_neg: 0.6098502420070654
  endofexp_other_rating_pos: 0.09334957632848948
  endofexp_other_rating_zero: 0.2968001816644452
  endofexp_p_self_action_press: 0.52
  endofexp_self_rating_neg: 0.23415805450037777
  endofexp_self_rating_pos: 0.4045945977224042
  endofexp_self_rating_zero: 0.36124734777721806
