results:
  endofexp_other_rating_neg: 0.827618782307217
  endofexp_other_rating_pos: 0.011929314839771422
  endofexp_other_rating_zero: 0.16045190285301159
  endofexp_p_self_action_press: 0.08
  endofexp_self_rating_neg: 0.2594571878679334
  endofexp_self_rating_pos: 0.16349710322497865
  endofexp_self_rating_zero: 0.577045708907088
