results:
  endofexp_other_rating_neg: 0.338063500048867
  endofexp_other_rating_pos: 0.31212568295275084
  endofexp_other_rating_zero: 0.3498108169983821
  endofexp_p_self_action_press: 0.48
  endofexp_self_rating_neg: 0.26076761878591703
  endofexp_self_rating_pos: 0.3913750476797792
  endofexp_self_rating_zero: 0.34785733353430376
