results:
  endofexp_other_rating_neg: 0.33238181513054477
  endofexp_other_rating_pos: 0.28237437333912374
  endofexp_other_rating_zero: 0.38524381153033144
  endofexp_p_self_action_press: 0.56
  endofexp_self_rating_neg: 0.17615913706315814
  endofexp_self_rating_pos: 0.4342668576021756
  endofexp_self_rating_zero: 0.38957400533466624
