results:
  endofexp_other_rating_neg: 0.01534463042262283
  endofexp_other_rating_pos: 0.8128028960311373
  endofexp_other_rating_zero: 0.17185247354623973
  endofexp_p_self_action_press: 0.08
  endofexp_self_rating_neg: 0.13401215550215873
  endofexp_self_rating_pos: 0.3257246564832837
  endofexp_self_rating_zero: 0.5402631880145576
