results:
  endofexp_other_rating_neg: 0.024710573659087076
  endofexp_other_rating_pos: 0.7694547267985663
  endofexp_other_rating_zero: 0.20583469954234662
  endofexp_p_self_action_press: 0.24
  endofexp_self_rating_neg: 0.0005995295849996336
  endofexp_self_rating_pos: 0.8944573118214231
  endofexp_self_rating_zero: 0.10494315859357731
