results:
  endofexp_other_rating_neg: 0.29504375463899535
  endofexp_other_rating_pos: 0.22398529636745948
  endofexp_other_rating_zero: 0.4809709489935453
  endofexp_p_self_action_press: 0.32
  endofexp_self_rating_neg: 0.9725652519544201
  endofexp_self_rating_pos: 0.0004336363684481228
  endofexp_self_rating_zero: 0.027001111677131824
