results:
  endofexp_other_rating_neg: 0.2522573841533584
  endofexp_other_rating_pos: 0.14639352462227562
  endofexp_other_rating_zero: 0.601349091224366
  endofexp_p_self_action_press: 0.4
  endofexp_self_rating_neg: 0.955791941131233
  endofexp_self_rating_pos: 0.00024489233361150547
  endofexp_self_rating_zero: 0.043963166535155675
