results:
  endofexp_other_rating_neg: 0.2384452582862082
  endofexp_other_rating_pos: 0.4227244894008619
  endofexp_other_rating_zero: 0.3388302523129299
  endofexp_p_self_action_press: 0.48
  endofexp_self_rating_neg: 0.5594121362786804
  endofexp_self_rating_pos: 0.10094927973001863
  endofexp_self_rating_zero: 0.3396385839913011
