results:
  endofexp_other_rating_neg: 0.012377794910978986
  endofexp_other_rating_pos: 0.8259997050354695
  endofexp_other_rating_zero: 0.16162250005355147
  endofexp_p_self_action_press: 0.12
  endofexp_self_rating_neg: 0.04374436080682395
  endofexp_self_rating_pos: 0.48957285494520525
  endofexp_self_rating_zero: 0.46668278424797077
