results:
  endofexp_other_rating_neg: 0.5563783181759415
  endofexp_other_rating_pos: 0.04306366649280908
  endofexp_other_rating_zero: 0.40055801533124946
  endofexp_p_self_action_press: 0.6
  endofexp_self_rating_neg: 0.00035645750593196057
  endofexp_self_rating_pos: 0.9656360454461931
  endofexp_self_rating_zero: 0.03400749704787481
