results:
  endofexp_other_rating_neg: 0.25616419133071094
  endofexp_other_rating_pos: 0.33684214976809557
  endofexp_other_rating_zero: 0.4069936589011935
  endofexp_p_self_action_press: 0.48
  endofexp_self_rating_neg: 0.2164146785115337
  endofexp_self_rating_pos: 0.3643992997392459
  endofexp_self_rating_zero: 0.41918602174922037
