results:
  endofexp_other_rating_neg: 0.27092250256556755
  endofexp_other_rating_pos: 0.3446489058307932
  endofexp_other_rating_zero: 0.3844285916036392
  endofexp_p_self_action_press: 0.2
  endofexp_self_rating_neg: 0.7542660386369016
  endofexp_self_rating_pos: 0.029768235468107807
  endofexp_self_rating_zero: 0.2159657258949906
