results:
  endofexp_other_rating_neg: 0.31618805562794383
  endofexp_other_rating_pos: 0.33526265498441027
  endofexp_other_rating_zero: 0.34854928938764596
  endofexp_p_self_action_press: 0.44
  endofexp_self_rating_neg: 0.19117901555995173
  endofexp_self_rating_pos: 0.4353557327978036
  endofexp_self_rating_zero: 0.37346525164224464
