results:
  endofexp_other_rating_neg: 0.33968223098901285
  endofexp_other_rating_pos: 0.3908188749611672
  endofexp_other_rating_zero: 0.2694988940498199
  endofexp_p_self_action_press: 0.52
  endofexp_self_rating_neg: 0.532658141442924
  endofexp_self_rating_pos: 0.1950333711349091
  endofexp_self_rating_zero: 0.27230848742216684
