results:
  endofexp_other_rating_neg: 0.3240009765965702
  endofexp_other_rating_pos: 0.3057924030988139
  endofexp_other_rating_zero: 0.3702066203046159
  endofexp_p_self_action_press: 0.36
  endofexp_self_rating_neg: 0.49003365346426603
  endofexp_self_rating_pos: 0.17608914859130073
  endofexp_self_rating_zero: 0.33387719794443327
