results:
  endofexp_other_rating_neg: 0.00721620484041698
  endofexp_other_rating_pos: 0.9262920222078141
  endofexp_other_rating_zero: 0.06649177295176883
  endofexp_p_self_action_press: 0.08
  endofexp_self_rating_neg: 0.431395628473676
  endofexp_self_rating_pos: 0.20006270928315165
  endofexp_self_rating_zero: 0.36854166224317236
