results:
  endofexp_other_rating_neg: 0.0005610812271316032
  endofexp_other_rating_pos: 0.9610667683290698
  endofexp_other_rating_zero: 0.03837215044379868
  endofexp_p_self_action_press: 0.08
  endofexp_self_rating_neg: 0.28656512012526547
  endofexp_self_rating_pos: 0.26869219114253134
  endofexp_self_rating_zero: 0.4447426887322033
