results:
  endofexp_other_rating_neg: 0.3361997871890951
  endofexp_other_rating_pos: 0.15515077735901311
  endofexp_other_rating_zero: 0.5086494354518918
  endofexp_p_self_action_press: 0.56
  endofexp_self_rating_neg: 0.00022216220252223567
  endofexp_self_rating_pos: 0.9733272346219068
  endofexp_self_rating_zero: 0.026450603175570814
