results:
  endofexp_other_rating_neg: 0.516691769890523
  endofexp_other_rating_pos: 0.15851280298567572
  endofexp_other_rating_zero: 0.3247954271238013
  endofexp_p_self_action_press: 0.32
  endofexp_self_rating_neg: 0.9918079255750609
  endofexp_self_rating_pos: 1.2211495003571428e-05
  endofexp_self_rating_zero: 0.008179862929935522
