results:
  endofexp_other_rating_neg: 0.2801640924447471
  endofexp_other_rating_pos: 0.20240486773270971
  endofexp_other_rating_zero: 0.5174310398225432
  endofexp_p_self_action_press: 0.32
  endofexp_self_rating_neg: 0.974068621515536
  endofexp_self_rating_pos: 0.00018548941696030786
  endofexp_self_rating_zero: 0.025745889067503674
