results:
  endofexp_other_rating_neg: 0.36188036288233094
  endofexp_other_rating_pos: 0.14331788276905189
  endofexp_other_rating_zero: 0.49480175434861723
  endofexp_p_self_action_press: 0.28
  endofexp_self_rating_neg: 0.9683010121838425
  endofexp_self_rating_pos: 0.0003590880383845887
  endofexp_self_rating_zero: 0.031339899777772955
