results:
  endofexp_other_rating_neg: 0.0002797208402949517
  endofexp_other_rating_pos: 0.9796611898647862
  endofexp_other_rating_zero: 0.020059089294918758
  endofexp_p_self_action_press: 0.88
  endofexp_self_rating_neg: 0.07360194227711378
  endofexp_self_rating_pos: 0.6561239213856971
  endofexp_self_rating_zero: 0.2702741363371893
