results:
  endofexp_other_rating_neg: 0.1681344097472851
  endofexp_other_rating_pos: 0.5023999756061742
  endofexp_other_rating_zero: 0.32946561464654067
  endofexp_p_self_action_press: 0.56
  endofexp_self_rating_neg: 0.39424380299736167
  endofexp_self_rating_pos: 0.23439620178093684
  endofexp_self_rating_zero: 0.37135999522170143
