results:
  endofexp_other_rating_neg: 0.28396821813912765
  endofexp_other_rating_pos: 0.37852356634181317
  endofexp_other_rating_zero: 0.3375082155190592
  endofexp_p_self_action_press: 0.44
  endofexp_self_rating_neg: 0.1423847046282021
  endofexp_self_rating_pos: 0.46820096814284645
  endofexp_self_rating_zero: 0.38941432722895136
