results:
  endofexp_other_rating_neg: 0.2780098383857654
  endofexp_other_rating_pos: 0.27609037191944724
  endofexp_other_rating_zero: 0.44589978969478733
  endofexp_p_self_action_press: 0.48
  endofexp_self_rating_neg: 0.2181595010413712
  endofexp_self_rating_pos: 0.272561042745938
  endofexp_self_rating_zero: 0.5092794562126908
