results:
  endofexp_other_rating_neg: 0.3027317061355301
  endofexp_other_rating_pos: 0.3389552079183863
  endofexp_other_rating_zero: 0.3583130859460836
  endofexp_p_self_action_press: 0.4
  endofexp_self_rating_neg: 0.3154459355583352
  endofexp_self_rating_pos: 0.32967338255808853
  endofexp_self_rating_zero: 0.35488068188357624
