results:
  endofexp_other_rating_neg: 0.20157873787249384
  endofexp_other_rating_pos: 0.22579625700699635
  endofexp_other_rating_zero: 0.5726250051205098
  endofexp_p_self_action_press: 0.68
  endofexp_self_rating_neg: 0.00016046554029048216
  endofexp_self_rating_pos: 0.9618532727921943
  endofexp_self_rating_zero: 0.037986261667515016
