results:
  endofexp_other_rating_neg: 0.31413217763967205
  endofexp_other_rating_pos: 0.1719702725378387
  endofexp_other_rating_zero: 0.5138975498224893
  endofexp_p_self_action_press: 0.64
  endofexp_self_rating_neg: 0.0002178614346896194
  endofexp_self_rating_pos: 0.974070733756842
  endofexp_self_rating_zero: 0.02571140480846835
