results:
  endofexp_other_rating_neg: 0.006187146543171637
  endofexp_other_rating_pos: 0.9286056222752981
  endofexp_other_rating_zero: 0.06520723118153013
  endofexp_p_self_action_press: 0.08
  endofexp_self_rating_neg: 0.2646736995916049
  endofexp_self_rating_pos: 0.34764490190361635
  endofexp_self_rating_zero: 0.38768139850477884
