results:
  endofexp_other_rating_neg: 0.9530727202375027
  endofexp_other_rating_pos: 0.00024091991995266974
  endofexp_other_rating_zero: 0.04668635984254468
  endofexp_p_self_action_press: 0.12
  endofexp_self_rating_neg: 0.049484047300471436
  endofexp_self_rating_pos: 0.6033943093561499
  endofexp_self_rating_zero: 0.34712164334337864
