results:
  endofexp_other_rating_neg: 0.9542294753705969
  endofexp_other_rating_pos: 0.0002732817278717824
  endofexp_other_rating_zero: 0.04549724290153133
  endofexp_p_self_action_press: 0.08
  endofexp_self_rating_neg: 0.19767987530354245
  endofexp_self_rating_pos: 0.2907767500039198
  endofexp_self_rating_zero: 0.5115433746925377
