results:
  endofexp_other_rating_neg: 0.00040098599910954284
  endofexp_other_rating_pos: 0.9551566385041135
  endofexp_other_rating_zero: 0.04444237549677679
  endofexp_p_self_action_press: 0.08
  endofexp_self_rating_neg: 0.03853168440995698
  endofexp_self_rating_pos: 0.6529352312690415
  endofexp_self_rating_zero: 0.30853308432100146
