results:
  endofexp_other_rating_neg: 0.8187560688333254
  endofexp_other_rating_pos: 0.014096419350641352
  endofexp_other_rating_zero: 0.16714751181603313
  endofexp_p_self_action_press: 0.12
  endofexp_self_rating_neg: 0.057940650554185916
  endofexp_self_rating_pos: 0.4724599787088609
  endofexp_self_rating_zero: 0.4695993707369531
