results:
  endofexp_other_rating_neg: 7.028687009603252e-05
  endofexp_other_rating_pos: 0.9933944341047809
  endofexp_other_rating_zero: 0.00653527902512289
  endofexp_p_self_action_press: 0.2
  endofexp_self_rating_neg: 0.03167525366091738
  endofexp_self_rating_pos: 0.30340579594529177
  endofexp_self_rating_zero: 0.6649189503937909
