results:
  endofexp_other_rating_neg: 0.00676068932368165
  endofexp_other_rating_pos: 0.9264117175579076
  endofexp_other_rating_zero: 0.0668275931184107
  endofexp_p_self_action_press: 0.08
  endofexp_self_rating_neg: 0.06975650308289856
  endofexp_self_rating_pos: 0.601028349227233
  endofexp_self_rating_zero: 0.3292151476898684
