results:
  endofexp_other_rating_neg: 0.22756028514121596
  endofexp_other_rating_pos: 0.2215281531119322
  endofexp_other_rating_zero: 0.5509115617468519
  endofexp_p_self_action_press: 0.64
  endofexp_self_rating_neg: 0.00029052085208599964
  endofexp_self_rating_pos: 0.9664845042837925
  endofexp_self_rating_zero: 0.03322497486412151
