results:
  endofexp_other_rating_neg: 0.8241517719309671
  endofexp_other_rating_pos: 0.012288447745028387
  endofexp_other_rating_zero: 0.1635597803240046
  endofexp_p_self_action_press: 0.8
  endofexp_self_rating_neg: 0.6083624756359399
  endofexp_self_rating_pos: 0.013678013591539261
  endofexp_self_rating_zero: 0.37795951077252077
