results:
  endofexp_other_rating_neg: 0.2364528495712236
  endofexp_other_rating_pos: 0.42726541045797634
  endofexp_other_rating_zero: 0.33628173997080024
  endofexp_p_self_action_press: 0.64
  endofexp_self_rating_neg: 0.2990394214783593
  endofexp_self_rating_pos: 0.3508078697835823
  endofexp_self_rating_zero: 0.3501527087380582
