results:
  endofexp_other_rating_neg: 0.14834716088810657
  endofexp_other_rating_pos: 0.2980971586449787
  endofexp_other_rating_zero: 0.5535556804669147
  endofexp_p_self_action_press: 0.6
  endofexp_self_rating_neg: 0.00017600326968812973
  endofexp_self_rating_pos: 0.971770403262384
  endofexp_self_rating_zero: 0.028053593467928035
