results:
  endofexp_other_rating_neg: 0.2173309893120454
  endofexp_other_rating_pos: 0.22786712816313553
  endofexp_other_rating_zero: 0.5548018825248191
  endofexp_p_self_action_press: 0.64
  endofexp_self_rating_neg: 0.00015963127094389615
  endofexp_self_rating_pos: 0.9763331018095218
  endofexp_self_rating_zero: 0.02350726691953435
