results:
  endofexp_other_rating_neg: 0.2760060020315759
  endofexp_other_rating_pos: 0.3504440753305126
  endofexp_other_rating_zero: 0.37354992263791154
  endofexp_p_self_action_press: 0.8
  endofexp_self_rating_neg: 0.05769752183453201
  endofexp_self_rating_pos: 0.6872778554766396
  endofexp_self_rating_zero: 0.2550246226888285
