results:
  endofexp_other_rating_neg: 0.9518730406874909
  endofexp_other_rating_pos: 0.0004408056578352996
  endofexp_other_rating_zero: 0.04768615365467383
  endofexp_p_self_action_press: 0.08
  endofexp_self_rating_neg: 0.1438900004841722
  endofexp_self_rating_pos: 0.4168184597836595
  endofexp_self_rating_zero: 0.4392915397321683
