results:
  endofexp_other_rating_neg: 0.3993276613823669
  endofexp_other_rating_pos: 0.26125427443711285
  endofexp_other_rating_zero: 0.33941806418052034
  endofexp_p_self_action_press: 0.48
  endofexp_self_rating_neg: 0.42838113201867567
  endofexp_self_rating_pos: 0.22723559139437358
  endofexp_self_rating_zero: 0.34438327658695084
