results:
  endofexp_other_rating_neg: 0.12781498770625116
  endofexp_other_rating_pos: 0.5300825252622869
  endofexp_other_rating_zero: 0.3421024870314619
  endofexp_p_self_action_press: 0.4
  endofexp_self_rating_neg: 0.47911774639791566
  endofexp_self_rating_pos: 0.17083135585831402
  endofexp_self_rating_zero: 0.35005089774377035
