results:
  endofexp_other_rating_neg: 0.15478171273041924
  endofexp_other_rating_pos: 0.3348512422902835
  endofexp_other_rating_zero: 0.5103670449792973
  endofexp_p_self_action_press: 0.32
  endofexp_self_rating_neg: 0.9795931766230407
  endofexp_self_rating_pos: 0.00015263063114085917
  endofexp_self_rating_zero: 0.02025419274581851
