results:
  endofexp_other_rating_neg: 0.34705812928919183
  endofexp_other_rating_pos: 0.18431750935695007
  endofexp_other_rating_zero: 0.4686243613538582
  endofexp_p_self_action_press: 0.44
  endofexp_self_rating_neg: 0.9696684547649528
  endofexp_self_rating_pos: 0.0005023628898530756
  endofexp_self_rating_zero: 0.029829182345194147
