results:
  endofexp_other_rating_neg: 0.00834555491231398
  endofexp_other_rating_pos: 0.9158544486957754
  endofexp_other_rating_zero: 0.07579999639191067
  endofexp_p_self_action_press: 0.08
  endofexp_self_rating_neg: 0.008778746543329934
  endofexp_self_rating_pos: 0.8108640010161828
  endofexp_self_rating_zero: 0.18035725244048723
