results:
  endofexp_other_rating_neg: 0.9180194803179897
  endofexp_other_rating_pos: 0.00043296126193409967
  endofexp_other_rating_zero: 0.0815475584200762
  endofexp_p_self_action_press: 0.08
  endofexp_self_rating_neg: 0.32256425550249546
  endofexp_self_rating_pos: 0.1271953397016283
  endofexp_self_rating_zero: 0.5502404047958763
