results:
  endofexp_other_rating_neg: 0.012762321914262542
  endofexp_other_rating_pos: 0.894342129721958
  endofexp_other_rating_zero: 0.0928955483637794
  endofexp_p_self_action_press: 0.08
  endofexp_self_rating_neg: 0.014797072681775882
  endofexp_self_rating_pos: 0.7586055885051527
  endofexp_self_rating_zero: 0.22659733881307143
