results:
  endofexp_other_rating_neg: 0.2953609363899958
  endofexp_other_rating_pos: 0.29391163156943007
  endofexp_other_rating_zero: 0.41072743204057416
  endofexp_p_self_action_press: 0.48
  endofexp_self_rating_neg: 0.32490488611210766
  endofexp_self_rating_pos: 0.24950387611704825
  endofexp_self_rating_zero: 0.425591237770844
