results:
  endofexp_other_rating_neg: 0.004818369421761135
  endofexp_other_rating_pos: 0.9356479731300075
  endofexp_other_rating_zero: 0.059533657448231324
  endofexp_p_self_action_press: 0.08
  endofexp_self_rating_neg: 0.1094961545636504
  endofexp_self_rating_pos: 0.5424755154104989
  endofexp_self_rating_zero: 0.3480283300258507
