results:
  endofexp_other_rating_neg: 0.051648854200847236
  endofexp_other_rating_pos: 0.6872713936461621
  endofexp_other_rating_zero: 0.2610797521529907
  endofexp_p_self_action_press: 0.96
  endofexp_self_rating_neg: 0.21024239961873192
  endofexp_self_rating_pos: 0.4327316918909842
  endofexp_self_rating_zero: 0.357025908490284
