results:
  endofexp_other_rating_neg: 0.01099285463390649
  endofexp_other_rating_pos: 0.83195676743442
  endofexp_other_rating_zero: 0.15705037793167345
  endofexp_p_self_action_press: 0.12
  endofexp_self_rating_neg: 0.10957254380739354
  endofexp_self_rating_pos: 0.36083884067116184
  endofexp_self_rating_zero: 0.5295886155214447
