results:
  endofexp_other_rating_neg: 0.9538753467222865
  endofexp_other_rating_pos: 0.0004643018849914352
  endofexp_other_rating_zero: 0.045660351392721996
  endofexp_p_self_action_press: 0.08
  endofexp_self_rating_neg: 0.40418578556333123
  endofexp_self_rating_pos: 0.14702310215634928
  endofexp_self_rating_zero: 0.4487911122803196
