results:
  endofexp_other_rating_neg: 0.29368078900307676
  endofexp_other_rating_pos: 0.31582301956048076
  endofexp_other_rating_zero: 0.39049619143644254
  endofexp_p_self_action_press: 0.76
  endofexp_self_rating_neg: 0.01932349169453374
  endofexp_self_rating_pos: 0.7822079839106079
  endofexp_self_rating_zero: 0.19846852439485851
