results:
  endofexp_other_rating_neg: 0.9549205102470059
  endofexp_other_rating_pos: 0.00021353782785241875
  endofexp_other_rating_zero: 0.04486595192514161
  endofexp_p_self_action_press: 0.08
  endofexp_self_rating_neg: 0.1779084485893743
  endofexp_self_rating_pos: 0.3178039973088655
  endofexp_self_rating_zero: 0.5042875541017602
