results:
  endofexp_other_rating_neg: 0.3419540889613721
  endofexp_other_rating_pos: 0.3119472413668366
  endofexp_other_rating_zero: 0.3460986696717913
  endofexp_p_self_action_press: 0.44
  endofexp_self_rating_neg: 0.4470472898145365
  endofexp_self_rating_pos: 0.0877198644464101
  endofexp_self_rating_zero: 0.4652328457390534
