results:
  endofexp_other_rating_neg: 0.20735771260875022
  endofexp_other_rating_pos: 0.45166276243316433
  endofexp_other_rating_zero: 0.34097952495808553
  endofexp_p_self_action_press: 0.4
  endofexp_self_rating_neg: 0.3670439789746813
  endofexp_self_rating_pos: 0.24452185691350622
  endofexp_self_rating_zero: 0.38843416411181253
