results:
  endofexp_other_rating_neg: 0.2342662471160377
  endofexp_other_rating_pos: 0.1857271046438941
  endofexp_other_rating_zero: 0.5800066482400682
  endofexp_p_self_action_press: 0.64
  endofexp_self_rating_neg: 0.0001869057669801828
  endofexp_self_rating_pos: 0.967503658234069
  endofexp_self_rating_zero: 0.03230943599895067
