results:
  endofexp_other_rating_neg: 0.4013109294308198
  endofexp_other_rating_pos: 0.023839729709433446
  endofexp_other_rating_zero: 0.5748493408597467
  endofexp_p_self_action_press: 0.4
  endofexp_self_rating_neg: 0.9896770819689081
  endofexp_self_rating_pos: 0.00010385186135477577
  endofexp_self_rating_zero: 0.010219066169737162
