results:
  endofexp_other_rating_neg: 0.13060460465108123
  endofexp_other_rating_pos: 0.4166639940995285
  endofexp_other_rating_zero: 0.45273140124939026
  endofexp_p_self_action_press: 0.32
  endofexp_self_rating_neg: 0.9756284313412601
  endofexp_self_rating_pos: 0.000258273426372305
  endofexp_self_rating_zero: 0.024113295232367566
