results:
  endofexp_other_rating_neg: 0.23328917631019044
  endofexp_other_rating_pos: 0.27577442143340203
  endofexp_other_rating_zero: 0.4909364022564076
  endofexp_p_self_action_press: 0.32
  endofexp_self_rating_neg: 0.9715846448831037
  endofexp_self_rating_pos: 0.00039951656197004595
  endofexp_self_rating_zero: 0.02801583855492639
