results:
  endofexp_other_rating_neg: 0.3346058039880209
  endofexp_other_rating_pos: 0.16070614800013844
  endofexp_other_rating_zero: 0.5046880480118406
  endofexp_p_self_action_press: 0.4
  endofexp_self_rating_neg: 0.9722554879906187
  endofexp_self_rating_pos: 0.00023981801575534393
  endofexp_self_rating_zero: 0.027504693993626136
