results:
  endofexp_other_rating_neg: 0.8234246212696944
  endofexp_other_rating_pos: 0.012710029063127883
  endofexp_other_rating_zero: 0.16386534966717772
  endofexp_p_self_action_press: 0.08
  endofexp_self_rating_neg: 0.1963270866515542
  endofexp_self_rating_pos: 0.22745863253187
  endofexp_self_rating_zero: 0.5762142808165758
