results:
  endofexp_other_rating_neg: 0.19603351298627233
  endofexp_other_rating_pos: 0.4632081349026585
  endofexp_other_rating_zero: 0.34075835211106925
  endofexp_p_self_action_press: 0.6
  endofexp_self_rating_neg: 0.3284608620448659
  endofexp_self_rating_pos: 0.2551256695271287
  endofexp_self_rating_zero: 0.4164134684280055
