results:
  endofexp_other_rating_neg: 0.00042172139521287405
  endofexp_other_rating_pos: 0.9517422964133126
  endofexp_other_rating_zero: 0.04783598219147432
  endofexp_p_self_action_press: 0.08
  endofexp_self_rating_neg: 0.4790173664383729
  endofexp_self_rating_pos: 0.10747881591332131
  endofexp_self_rating_zero: 0.4135038176483058
