results:
  endofexp_other_rating_neg: 0.19478220175730607
  endofexp_other_rating_pos: 0.2865665531301754
  endofexp_other_rating_zero: 0.5186512451125186
  endofexp_p_self_action_press: 0.64
  endofexp_self_rating_neg: 0.00019294052302631776
  endofexp_self_rating_pos: 0.975492094031494
  endofexp_self_rating_zero: 0.024314965445479855
