results:
  endofexp_other_rating_neg: 0.0005853854961622458
  endofexp_other_rating_pos: 0.941333813413767
  endofexp_other_rating_zero: 0.05808080109007079
  endofexp_p_self_action_press: 0.08
  endofexp_self_rating_neg: 0.1531877202561518
  endofexp_self_rating_pos: 0.42466918197367215
  endofexp_self_rating_zero: 0.422143097770176
