results:
  endofexp_other_rating_neg: 0.5170672935139752
  endofexp_other_rating_pos: 0.1672767968271072
  endofexp_other_rating_zero: 0.3156559096589177
  endofexp_p_self_action_press: 0.48
  endofexp_self_rating_neg: 0.20409286199147764
  endofexp_self_rating_pos: 0.45689964689721213
  endofexp_self_rating_zero: 0.3390074911113101
