results:
  endofexp_other_rating_neg: 0.2807421848512677
  endofexp_other_rating_pos: 0.19811521411830404
  endofexp_other_rating_zero: 0.5211426010304283
  endofexp_p_self_action_press: 0.32
  endofexp_self_rating_neg: 0.9739030109424083
  endofexp_self_rating_pos: 0.0002574476303763508
  endofexp_self_rating_zero: 0.025839541427215326
