results:
  endofexp_other_rating_neg: 0.00029356775217716534
  endofexp_other_rating_pos: 0.9617384597607427
  endofexp_other_rating_zero: 0.03796797248708004
  endofexp_p_self_action_press: 0.92
  endofexp_self_rating_neg: 0.03506690436481947
  endofexp_self_rating_pos: 0.6824087168782041
  endofexp_self_rating_zero: 0.28252437875697645
