results:
  endofexp_other_rating_neg: 0.18464631731834774
  endofexp_other_rating_pos: 0.2927988890296951
  endofexp_other_rating_zero: 0.5225547936519572
  endofexp_p_self_action_press: 0.64
  endofexp_self_rating_neg: 0.00021274638474080805
  endofexp_self_rating_pos: 0.9758638226908904
  endofexp_self_rating_zero: 0.023923430924368824
