results:
  endofexp_other_rating_neg: 0.10928018895645392
  endofexp_other_rating_pos: 0.5946622637677134
  endofexp_other_rating_zero: 0.2960575472758327
  endofexp_p_self_action_press: 0.04
  endofexp_self_rating_neg: 0.4023151593169331
  endofexp_self_rating_pos: 0.24757695037672964
  endofexp_self_rating_zero: 0.35010789030633727
