results:
  endofexp_other_rating_neg: 0.39620388444531435
  endofexp_other_rating_pos: 0.26506050454177926
  endofexp_other_rating_zero: 0.3387356110129062
  endofexp_p_self_action_press: 0.44
  endofexp_self_rating_neg: 0.25681032241877966
  endofexp_self_rating_pos: 0.3663308938815853
  endofexp_self_rating_zero: 0.37685878369963505
