results:
  endofexp_other_rating_neg: 0.00040613597193037495
  endofexp_other_rating_pos: 0.9579249969672271
  endofexp_other_rating_zero: 0.0416688670608425
  endofexp_p_self_action_press: 0.08
  endofexp_self_rating_neg: 0.22311258409181223
  endofexp_self_rating_pos: 0.3062439014522763
  endofexp_self_rating_zero: 0.47064351445591146
