results:
  endofexp_other_rating_neg: 0.0002249078782381314
  endofexp_other_rating_pos: 0.964132124115972
  endofexp_other_rating_zero: 0.035642968005789664
  endofexp_p_self_action_press: 0.08
  endofexp_self_rating_neg: 0.31094927530596195
  endofexp_self_rating_pos: 0.2110196906106993
  endofexp_self_rating_zero: 0.47803103408333875
