results:
  endofexp_other_rating_neg: 0.059063194813955534
  endofexp_other_rating_pos: 0.6765891041581606
  endofexp_other_rating_zero: 0.2643477010278838
  endofexp_p_self_action_press: 0.04
  endofexp_self_rating_neg: 0.41954516824048776
  endofexp_self_rating_pos: 0.22431007723448473
  endofexp_self_rating_zero: 0.35614475452502753
