results:
  endofexp_other_rating_neg: 0.9792084215493113
  endofexp_other_rating_pos: 7.36287119269219e-05
  endofexp_other_rating_zero: 0.020717949738761638
  endofexp_p_self_action_press: 0.84
  endofexp_self_rating_neg: 0.10068586684593933
  endofexp_self_rating_pos: 0.4883434702548402
  endofexp_self_rating_zero: 0.41097066289922046
