results:
  endofexp_other_rating_neg: 0.4361324451969242
  endofexp_other_rating_pos: 0.11627708440808682
  endofexp_other_rating_zero: 0.44759047039498895
  endofexp_p_self_action_press: 0.64
  endofexp_self_rating_neg: 1.4198963131137845e-05
  endofexp_self_rating_pos: 0.9868418317208836
  endofexp_self_rating_zero: 0.01314396931598511
