results:
  endofexp_other_rating_neg: 0.5080826541857221
  endofexp_other_rating_pos: 0.14623608097330285
  endofexp_other_rating_zero: 0.34568126484097506
  endofexp_p_self_action_press: 0.52
  endofexp_self_rating_neg: 0.05617509972968285
  endofexp_self_rating_pos: 0.5612796780531024
  endofexp_self_rating_zero: 0.38254522221721465
