results:
  endofexp_other_rating_neg: 0.4201698380226869
  endofexp_other_rating_pos: 0.22489395232456447
  endofexp_other_rating_zero: 0.3549362096527486
  endofexp_p_self_action_press: 0.48
  endofexp_self_rating_neg: 0.31104131703837373
  endofexp_self_rating_pos: 0.3301008669242049
  endofexp_self_rating_zero: 0.3588578160374214
