results:
  endofexp_other_rating_neg: 0.25298378013153217
  endofexp_other_rating_pos: 0.4398721586037959
  endofexp_other_rating_zero: 0.30714406126467186
  endofexp_p_self_action_press: 0.36
  endofexp_self_rating_neg: 0.9946200747388455
  endofexp_self_rating_pos: 2.916794104347044e-05
  endofexp_self_rating_zero: 0.005350757320110915
