results:
  endofexp_other_rating_neg: 0.9591668045952193
  endofexp_other_rating_pos: 0.0003170961480177033
  endofexp_other_rating_zero: 0.04051609925676295
  endofexp_p_self_action_press: 0.08
  endofexp_self_rating_neg: 0.32004130266108605
  endofexp_self_rating_pos: 0.21084951323079176
  endofexp_self_rating_zero: 0.4691091841081223
