results:
  endofexp_other_rating_neg: 0.06883180031834493
  endofexp_other_rating_pos: 0.49745249950788145
  endofexp_other_rating_zero: 0.43371570017377364
  endofexp_p_self_action_press: 0.28
  endofexp_self_rating_neg: 0.9653539300069774
  endofexp_self_rating_pos: 0.00041291471047980916
  endofexp_self_rating_zero: 0.034233155282542775
