results:
  endofexp_other_rating_neg: 0.021980081768234676
  endofexp_other_rating_pos: 0.7862822884907983
  endofexp_other_rating_zero: 0.19173762974096695
  endofexp_p_self_action_press: 0.08
  endofexp_self_rating_neg: 0.551882410014558
  endofexp_self_rating_pos: 0.03397640109801722
  endofexp_self_rating_zero: 0.4141411888874248
