results:
  endofexp_other_rating_neg: 0.48178343970805454
  endofexp_other_rating_pos: 0.16913581268372263
  endofexp_other_rating_zero: 0.34908074760822283
  endofexp_p_self_action_press: 0.56
  endofexp_self_rating_neg: 0.31855520195359416
  endofexp_self_rating_pos: 0.32483725265585495
  endofexp_self_rating_zero: 0.35660754539055095
