results:
  endofexp_other_rating_neg: 0.3657668009940117
  endofexp_other_rating_pos: 0.157007048638346
  endofexp_other_rating_zero: 0.4772261503676424
  endofexp_p_self_action_press: 0.64
  endofexp_self_rating_neg: 6.587075342253246e-06
  endofexp_self_rating_pos: 0.9893645273081393
  endofexp_self_rating_zero: 0.010628885616518407
