results:
  endofexp_other_rating_neg: 0.09305205990323023
  endofexp_other_rating_pos: 0.4436607258891387
  endofexp_other_rating_zero: 0.46328721420763114
  endofexp_p_self_action_press: 0.64
  endofexp_self_rating_neg: 0.00034705434500879396
  endofexp_self_rating_pos: 0.9676592003890752
  endofexp_self_rating_zero: 0.03199374526591607
