results:
  endofexp_other_rating_neg: 7.210431278783162e-05
  endofexp_other_rating_pos: 0.9930235805592933
  endofexp_other_rating_zero: 0.006904315127918888
  endofexp_p_self_action_press: 0.2
  endofexp_self_rating_neg: 0.02779948851405958
  endofexp_self_rating_pos: 0.3141193304616225
  endofexp_self_rating_zero: 0.6580811810243179
