results:
  endofexp_other_rating_neg: 0.1745887351210543
  endofexp_other_rating_pos: 0.32042544082970076
  endofexp_other_rating_zero: 0.504985824049245
  endofexp_p_self_action_press: 0.32
  endofexp_self_rating_neg: 0.9733452549396441
  endofexp_self_rating_pos: 0.00024303200658271193
  endofexp_self_rating_zero: 0.02641171305377323
