results:
  endofexp_other_rating_neg: 0.9781943830806274
  endofexp_other_rating_pos: 0.0003643865312268387
  endofexp_other_rating_zero: 0.0214412303881457
  endofexp_p_self_action_press: 0.08
  endofexp_self_rating_neg: 0.19071097967640857
  endofexp_self_rating_pos: 0.4847622892420814
  endofexp_self_rating_zero: 0.32452673108151
