results:
  endofexp_other_rating_neg: 0.2221861980176732
  endofexp_other_rating_pos: 0.36286633802275114
  endofexp_other_rating_zero: 0.4149474639595756
  endofexp_p_self_action_press: 0.44
  endofexp_self_rating_neg: 0.3809708786357513
  endofexp_self_rating_pos: 0.2756941806356698
  endofexp_self_rating_zero: 0.34333494072857884
