results:
  endofexp_other_rating_neg: 0.0003639572850710334
  endofexp_other_rating_pos: 0.958261056746307
  endofexp_other_rating_zero: 0.04137498596862193
  endofexp_p_self_action_press: 0.08
  endofexp_self_rating_neg: 0.2464595746645051
  endofexp_self_rating_pos: 0.28620235590591103
  endofexp_self_rating_zero: 0.4673380694295837
