results:
  endofexp_other_rating_neg: 0.2141056636051906
  endofexp_other_rating_pos: 0.42556781854875664
  endofexp_other_rating_zero: 0.3603265178460527
  endofexp_p_self_action_press: 0.36
  endofexp_self_rating_neg: 0.13054146359990854
  endofexp_self_rating_pos: 0.5229491304749853
  endofexp_self_rating_zero: 0.3465094059251063
