results:
  endofexp_other_rating_neg: 0.2838849390598741
  endofexp_other_rating_pos: 0.376736403814018
  endofexp_other_rating_zero: 0.3393786571261079
  endofexp_p_self_action_press: 0.44
  endofexp_self_rating_neg: 0.45447848176729333
  endofexp_self_rating_pos: 0.2009933748167052
  endofexp_self_rating_zero: 0.3445281434160016
