results:
  endofexp_other_rating_neg: 0.29493431037339674
  endofexp_other_rating_pos: 0.3507773785451723
  endofexp_other_rating_zero: 0.3542883110814309
  endofexp_p_self_action_press: 0.28
  endofexp_self_rating_neg: 0.9936120982490475
  endofexp_self_rating_pos: 8.60771057383645e-06
  endofexp_self_rating_zero: 0.006379294040378779
