results:
  endofexp_other_rating_neg: 0.12097599692905645
  endofexp_other_rating_pos: 0.39023482957120553
  endofexp_other_rating_zero: 0.48878917349973794
  endofexp_p_self_action_press: 0.64
  endofexp_self_rating_neg: 0.00019960820092090322
  endofexp_self_rating_pos: 0.97133089427406
  endofexp_self_rating_zero: 0.028469497525018934
