results:
  endofexp_other_rating_neg: 0.24563036691867973
  endofexp_other_rating_pos: 0.40689165037886466
  endofexp_other_rating_zero: 0.3474779827024556
  endofexp_p_self_action_press: 0.56
  endofexp_self_rating_neg: 0.24310138770275322
  endofexp_self_rating_pos: 0.3570860796795617
  endofexp_self_rating_zero: 0.3998125326176852
