results:
  endofexp_other_rating_neg: 0.4949017603370358
  endofexp_other_rating_pos: 0.0628960833964792
  endofexp_other_rating_zero: 0.44220215626648485
  endofexp_p_self_action_press: 0.32
  endofexp_self_rating_neg: 0.9756716640109728
  endofexp_self_rating_pos: 0.00020352082959314527
  endofexp_self_rating_zero: 0.024124815159434168
