results:
  endofexp_other_rating_neg: 0.05346876053479083
  endofexp_other_rating_pos: 0.5349650790344437
  endofexp_other_rating_zero: 0.4115661604307655
  endofexp_p_self_action_press: 0.32
  endofexp_self_rating_neg: 0.9579255816639237
  endofexp_self_rating_pos: 0.0006329643807752445
  endofexp_self_rating_zero: 0.041441453955300904
