results:
  endofexp_other_rating_neg: 0.8138334230790217
  endofexp_other_rating_pos: 0.014939398046459376
  endofexp_other_rating_zero: 0.17122717887451896
  endofexp_p_self_action_press: 0.08
  endofexp_self_rating_neg: 0.13446132390142548
  endofexp_self_rating_pos: 0.3072037488059288
  endofexp_self_rating_zero: 0.5583349272926457
