results:
  endofexp_other_rating_neg: 0.40109009140870233
  endofexp_other_rating_pos: 0.31405306409555406
  endofexp_other_rating_zero: 0.2848568444957438
  endofexp_p_self_action_press: 0.48
  endofexp_self_rating_neg: 0.5037728916326752
  endofexp_self_rating_pos: 0.22569195928224328
  endofexp_self_rating_zero: 0.27053514908508147
