results:
  endofexp_other_rating_neg: 0.8223362226534777
  endofexp_other_rating_pos: 0.004277276202818767
  endofexp_other_rating_zero: 0.17338650114370355
  endofexp_p_self_action_press: 0.08
  endofexp_self_rating_neg: 0.3113390948264839
  endofexp_self_rating_pos: 0.0714807955417814
  endofexp_self_rating_zero: 0.6171801096317346
