results:
  endofexp_other_rating_neg: 0.09277495185730056
  endofexp_other_rating_pos: 0.4374416114028939
  endofexp_other_rating_zero: 0.46978343673980555
  endofexp_p_self_action_press: 0.6
  endofexp_self_rating_neg: 0.00032344028590065567
  endofexp_self_rating_pos: 0.969783136866629
  endofexp_self_rating_zero: 0.029893422847470204
