results:
  endofexp_other_rating_neg: 5.28125810391276e-05
  endofexp_other_rating_pos: 0.9724709020558248
  endofexp_other_rating_zero: 0.027476285363135955
  endofexp_p_self_action_press: 0.88
  endofexp_self_rating_neg: 0.11701973811348579
  endofexp_self_rating_pos: 0.407640321717365
  endofexp_self_rating_zero: 0.4753399401691492
