results:
  endofexp_other_rating_neg: 0.23917421079593737
  endofexp_other_rating_pos: 0.27690437447338856
  endofexp_other_rating_zero: 0.48392141473067396
  endofexp_p_self_action_press: 0.32
  endofexp_self_rating_neg: 0.9711962787450544
  endofexp_self_rating_pos: 0.0004358274148188402
  endofexp_self_rating_zero: 0.028367893840126605
