results:
  endofexp_other_rating_neg: 0.8163629699614472
  endofexp_other_rating_pos: 0.006764661672953401
  endofexp_other_rating_zero: 0.17687236836559933
  endofexp_p_self_action_press: 0.08
  endofexp_self_rating_neg: 0.41839689511272543
  endofexp_self_rating_pos: 0.04992750766162258
  endofexp_self_rating_zero: 0.531675597225652
