results:
  endofexp_other_rating_neg: 0.10626979560341386
  endofexp_other_rating_pos: 0.4233871013939839
  endofexp_other_rating_zero: 0.47034310300260224
  endofexp_p_self_action_press: 0.32
  endofexp_self_rating_neg: 0.9710307361822151
  endofexp_self_rating_pos: 0.0002606660868889584
  endofexp_self_rating_zero: 0.02870859773089595
