results:
  endofexp_other_rating_neg: 0.0004080284904590539
  endofexp_other_rating_pos: 0.9532911107517722
  endofexp_other_rating_zero: 0.04630086075776885
  endofexp_p_self_action_press: 0.08
  endofexp_self_rating_neg: 0.17432575736977607
  endofexp_self_rating_pos: 0.37632311053962864
  endofexp_self_rating_zero: 0.4493511320905953
