results:
  endofexp_other_rating_neg: 0.4041568615002902
  endofexp_other_rating_pos: 0.24759119575905428
  endofexp_other_rating_zero: 0.3482519427406556
  endofexp_p_self_action_press: 0.64
  endofexp_self_rating_neg: 1.685605201198401e-05
  endofexp_self_rating_pos: 0.9891598458751328
  endofexp_self_rating_zero: 0.010823298072855213
