results:
  endofexp_other_rating_neg: 0.00041727077702818953
  endofexp_other_rating_pos: 0.9566689164713215
  endofexp_other_rating_zero: 0.04291381275165048
  endofexp_p_self_action_press: 0.08
  endofexp_self_rating_neg: 0.32835707635610895
  endofexp_self_rating_pos: 0.20840867170718508
  endofexp_self_rating_zero: 0.4632342519367059
