results:
  endofexp_other_rating_neg: 0.0008318377729950653
  endofexp_other_rating_pos: 0.967598611645837
  endofexp_other_rating_zero: 0.031569550581167755
  endofexp_p_self_action_press: 0.08
  endofexp_self_rating_neg: 0.1632435042829223
  endofexp_self_rating_pos: 0.5119613320172555
  endofexp_self_rating_zero: 0.32479516369982214
