results:
  endofexp_other_rating_neg: 0.22145844410342846
  endofexp_other_rating_pos: 0.4288857526510419
  endofexp_other_rating_zero: 0.34965580324552975
  endofexp_p_self_action_press: 0.48
  endofexp_self_rating_neg: 0.44760696032781644
  endofexp_self_rating_pos: 0.2043879190834158
  endofexp_self_rating_zero: 0.34800512058876776
