results:
  endofexp_other_rating_neg: 0.1333641421054848
  endofexp_other_rating_pos: 0.5234167389211256
  endofexp_other_rating_zero: 0.34321911897338964
  endofexp_p_self_action_press: 0.48
  endofexp_self_rating_neg: 0.07147315694111937
  endofexp_self_rating_pos: 0.6478193801607185
  endofexp_self_rating_zero: 0.2807074628981622
