results:
  endofexp_other_rating_neg: 0.3029620760981521
  endofexp_other_rating_pos: 0.1783160800305384
  endofexp_other_rating_zero: 0.5187218438713095
  endofexp_p_self_action_press: 0.64
  endofexp_self_rating_neg: 0.00018112472017852926
  endofexp_self_rating_pos: 0.9756235329184256
  endofexp_self_rating_zero: 0.024195342361395793
