results:
  endofexp_other_rating_neg: 0.28340952074417375
  endofexp_other_rating_pos: 0.38020846157905874
  endofexp_other_rating_zero: 0.33638201767676745
  endofexp_p_self_action_press: 0.48
  endofexp_self_rating_neg: 0.3774670835021755
  endofexp_self_rating_pos: 0.2555734842185588
  endofexp_self_rating_zero: 0.3669594322792658
