results:
  endofexp_other_rating_neg: 0.7194615324236082
  endofexp_other_rating_pos: 0.03693522589437373
  endofexp_other_rating_zero: 0.24360324168201797
  endofexp_p_self_action_press: 0.84
  endofexp_self_rating_neg: 0.4370542962945184
  endofexp_self_rating_pos: 0.20153235841672154
  endofexp_self_rating_zero: 0.3614133452887602
