results:
  endofexp_other_rating_neg: 0.48575059671156684
  endofexp_other_rating_pos: 0.18746884077328818
  endofexp_other_rating_zero: 0.3267805625151449
  endofexp_p_self_action_press: 0.28
  endofexp_self_rating_neg: 0.9856398620347543
  endofexp_self_rating_pos: 6.514121389374e-05
  endofexp_self_rating_zero: 0.014294996751351952
