results:
  endofexp_other_rating_neg: 0.4397881213751571
  endofexp_other_rating_pos: 0.09740477587627859
  endofexp_other_rating_zero: 0.4628071027485643
  endofexp_p_self_action_press: 0.6
  endofexp_self_rating_neg: 0.0002947262702719342
  endofexp_self_rating_pos: 0.9692216302938603
  endofexp_self_rating_zero: 0.030483643435867774
