results:
  endofexp_other_rating_neg: 0.4969319512635583
  endofexp_other_rating_pos: 0.15459783376277128
  endofexp_other_rating_zero: 0.3484702149736705
  endofexp_p_self_action_press: 0.44
  endofexp_self_rating_neg: 0.39081543973829247
  endofexp_self_rating_pos: 0.27245705262068387
  endofexp_self_rating_zero: 0.3367275076410237
