results:
  endofexp_other_rating_neg: 0.1744959062675
  endofexp_other_rating_pos: 0.30862859532210973
  endofexp_other_rating_zero: 0.5168754984103903
  endofexp_p_self_action_press: 0.32
  endofexp_self_rating_neg: 0.9745997522983995
  endofexp_self_rating_pos: 0.0001980873392251068
  endofexp_self_rating_zero: 0.025202160362375305
