results:
  endofexp_other_rating_neg: 0.006200633214372553
  endofexp_other_rating_pos: 0.911431959168178
  endofexp_other_rating_zero: 0.08236740761744932
  endofexp_p_self_action_press: 0.08
  endofexp_self_rating_neg: 0.16752113183588135
  endofexp_self_rating_pos: 0.4269812147039733
  endofexp_self_rating_zero: 0.4054976534601453
