results:
  endofexp_other_rating_neg: 0.1755879774676106
  endofexp_other_rating_pos: 0.47376205734558474
  endofexp_other_rating_zero: 0.3506499651868046
  endofexp_p_self_action_press: 0.52
  endofexp_self_rating_neg: 0.2231879131822174
  endofexp_self_rating_pos: 0.43404129199775066
  endofexp_self_rating_zero: 0.3427707948200319
