results:
  endofexp_other_rating_neg: 0.31744041571339343
  endofexp_other_rating_pos: 0.19027377582938362
  endofexp_other_rating_zero: 0.49228580845722303
  endofexp_p_self_action_press: 0.4
  endofexp_self_rating_neg: 0.9701735757780402
  endofexp_self_rating_pos: 0.00037147787593399856
  endofexp_self_rating_zero: 0.029454946346025808
