results:
  endofexp_other_rating_neg: 0.03824982706505128
  endofexp_other_rating_pos: 0.5935946504228513
  endofexp_other_rating_zero: 0.3681555225120974
  endofexp_p_self_action_press: 0.28
  endofexp_self_rating_neg: 0.9531341944910814
  endofexp_self_rating_pos: 0.0007606932154814612
  endofexp_self_rating_zero: 0.04610511229343703
