results:
  endofexp_other_rating_neg: 0.6245435796183547
  endofexp_other_rating_pos: 0.02444824223340439
  endofexp_other_rating_zero: 0.3510081781482409
  endofexp_p_self_action_press: 0.6
  endofexp_self_rating_neg: 3.7557045331736926e-05
  endofexp_self_rating_pos: 0.9737535262335104
  endofexp_self_rating_zero: 0.02620891672115767
