results:
  endofexp_other_rating_neg: 0.4133776583165179
  endofexp_other_rating_pos: 0.22406882627734087
  endofexp_other_rating_zero: 0.3625535154061412
  endofexp_p_self_action_press: 0.44
  endofexp_self_rating_neg: 0.1595566852092457
  endofexp_self_rating_pos: 0.49971934982206506
  endofexp_self_rating_zero: 0.3407239649686893
