results:
  endofexp_other_rating_neg: 0.333720939535269
  endofexp_other_rating_pos: 0.3238936407783584
  endofexp_other_rating_zero: 0.3423854196863726
  endofexp_p_self_action_press: 0.48
  endofexp_self_rating_neg: 0.584211982204297
  endofexp_self_rating_pos: 0.09527923022946222
  endofexp_self_rating_zero: 0.32050878756624085
