results:
  endofexp_other_rating_neg: 0.7659454054053789
  endofexp_other_rating_pos: 0.026955851496571932
  endofexp_other_rating_zero: 0.20709874309804918
  endofexp_p_self_action_press: 0.08
  endofexp_self_rating_neg: 0.6522640876817264
  endofexp_self_rating_pos: 0.013812148746142833
  endofexp_self_rating_zero: 0.3339237635721309
