results:
  endofexp_other_rating_neg: 0.0006949141437094069
  endofexp_other_rating_pos: 0.9469917182737045
  endofexp_other_rating_zero: 0.052313367582586104
  endofexp_p_self_action_press: 0.08
  endofexp_self_rating_neg: 0.42875926691061506
  endofexp_self_rating_pos: 0.13291104500366788
  endofexp_self_rating_zero: 0.438329688085717
