results:
  endofexp_other_rating_neg: 0.3644901592586474
  endofexp_other_rating_pos: 0.250496156276266
  endofexp_other_rating_zero: 0.3850136844650865
  endofexp_p_self_action_press: 0.52
  endofexp_self_rating_neg: 0.22389763251479364
  endofexp_self_rating_pos: 0.42815464023883065
  endofexp_self_rating_zero: 0.3479477272463756
