results:
  endofexp_other_rating_neg: 0.0661643019764218
  endofexp_other_rating_pos: 0.6648464152723592
  endofexp_other_rating_zero: 0.26898928275121897
  endofexp_p_self_action_press: 0.04
  endofexp_self_rating_neg: 0.44854090956971515
  endofexp_self_rating_pos: 0.19882921001282525
  endofexp_self_rating_zero: 0.35262988041745963
