results:
  endofexp_other_rating_neg: 0.34875043661586935
  endofexp_other_rating_pos: 0.15709701743790153
  endofexp_other_rating_zero: 0.49415254594622915
  endofexp_p_self_action_press: 0.4
  endofexp_self_rating_neg: 0.9703131844009326
  endofexp_self_rating_pos: 0.0003772257069149571
  endofexp_self_rating_zero: 0.029309589892152342
