results:
  endofexp_other_rating_neg: 0.4924933919613314
  endofexp_other_rating_pos: 0.06885906040181801
  endofexp_other_rating_zero: 0.4386475476368505
  endofexp_p_self_action_press: 0.6
  endofexp_self_rating_neg: 0.0002834144499251629
  endofexp_self_rating_pos: 0.9699907086393572
  endofexp_self_rating_zero: 0.029725876910717614
