results:
  endofexp_other_rating_neg: 0.3142187062011433
  endofexp_other_rating_pos: 0.3156662713389381
  endofexp_other_rating_zero: 0.3701150224599187
  endofexp_p_self_action_press: 0.12
  endofexp_self_rating_neg: 0.6668036898258515
  endofexp_self_rating_pos: 0.06922416016314348
  endofexp_self_rating_zero: 0.263972150011005
