results:
  endofexp_other_rating_neg: 0.4064118134528799
  endofexp_other_rating_pos: 0.2435467174889394
  endofexp_other_rating_zero: 0.35004146905818057
  endofexp_p_self_action_press: 0.64
  endofexp_self_rating_neg: 6.035650150818045e-06
  endofexp_self_rating_pos: 0.9944298823320642
  endofexp_self_rating_zero: 0.005564082017785086
