results:
  endofexp_other_rating_neg: 0.1817753327452788
  endofexp_other_rating_pos: 0.29657817914994367
  endofexp_other_rating_zero: 0.5216464881047775
  endofexp_p_self_action_press: 0.6
  endofexp_self_rating_neg: 0.00019663742184567286
  endofexp_self_rating_pos: 0.9749066340245278
  endofexp_self_rating_zero: 0.02489672855362649
