results:
  endofexp_other_rating_neg: 0.2914806347399253
  endofexp_other_rating_pos: 0.20416068779835345
  endofexp_other_rating_zero: 0.5043586774617212
  endofexp_p_self_action_press: 0.48
  endofexp_self_rating_neg: 0.9629352517078043
  endofexp_self_rating_pos: 0.0005005637402278382
  endofexp_self_rating_zero: 0.03656418455196783
