results:
  endofexp_other_rating_neg: 0.9572186841935975
  endofexp_other_rating_pos: 0.0004253599869592962
  endofexp_other_rating_zero: 0.04235595581944315
  endofexp_p_self_action_press: 0.08
  endofexp_self_rating_neg: 0.1935032688642584
  endofexp_self_rating_pos: 0.3412352729170789
  endofexp_self_rating_zero: 0.46526145821866266
