results:
  endofexp_other_rating_neg: 0.3246290145125579
  endofexp_other_rating_pos: 0.31693452218124146
  endofexp_other_rating_zero: 0.3584364633062007
  endofexp_p_self_action_press: 0.48
  endofexp_self_rating_neg: 0.23345098421591787
  endofexp_self_rating_pos: 0.36879021392324907
  endofexp_self_rating_zero: 0.39775880186083307
