results:
  endofexp_other_rating_neg: 0.9497948408709328
  endofexp_other_rating_pos: 0.00045078824069591934
  endofexp_other_rating_zero: 0.04975437088837141
  endofexp_p_self_action_press: 0.08
  endofexp_self_rating_neg: 0.09702023490703389
  endofexp_self_rating_pos: 0.49682813476961907
  endofexp_self_rating_zero: 0.40615163032334706
