results:
  endofexp_other_rating_neg: 0.26481748120617465
  endofexp_other_rating_pos: 0.38257300352067686
  endofexp_other_rating_zero: 0.3526095152731485
  endofexp_p_self_action_press: 0.64
  endofexp_self_rating_neg: 7.1613140600754885e-06
  endofexp_self_rating_pos: 0.994767996461561
  endofexp_self_rating_zero: 0.005224842224378886
