results:
  endofexp_other_rating_neg: 0.06822089056839217
  endofexp_other_rating_pos: 0.4865020744427987
  endofexp_other_rating_zero: 0.4452770349888091
  endofexp_p_self_action_press: 0.6
  endofexp_self_rating_neg: 0.00025769044693848815
  endofexp_self_rating_pos: 0.9694671708040252
  endofexp_self_rating_zero: 0.030275138749036146
