results:
  endofexp_other_rating_neg: 0.9557547490263371
  endofexp_other_rating_pos: 0.0004289391566401884
  endofexp_other_rating_zero: 0.04381631181702269
  endofexp_p_self_action_press: 0.08
  endofexp_self_rating_neg: 0.3365570431328919
  endofexp_self_rating_pos: 0.2018454423248988
  endofexp_self_rating_zero: 0.46159751454220926
