results:
  endofexp_other_rating_neg: 0.9552366630958349
  endofexp_other_rating_pos: 0.0004130155263112133
  endofexp_other_rating_zero: 0.04435032137785388
  endofexp_p_self_action_press: 0.08
  endofexp_self_rating_neg: 0.17229289546717858
  endofexp_self_rating_pos: 0.37364994490967496
  endofexp_self_rating_zero: 0.4540571596231466
