results:
  endofexp_other_rating_neg: 0.052083096464149596
  endofexp_other_rating_pos: 0.46799705725994106
  endofexp_other_rating_zero: 0.47991984627590917
  endofexp_p_self_action_press: 0.68
  endofexp_self_rating_neg: 0.22372033922791748
  endofexp_self_rating_pos: 0.259618092798055
  endofexp_self_rating_zero: 0.5166615679740275
