results:
  endofexp_other_rating_neg: 0.0002335051018172446
  endofexp_other_rating_pos: 0.9753328891969494
  endofexp_other_rating_zero: 0.024433605701233405
  endofexp_p_self_action_press: 0.08
  endofexp_self_rating_neg: 0.5295777746749475
  endofexp_self_rating_pos: 0.13807374450004836
  endofexp_self_rating_zero: 0.3323484808250041
