results:
  endofexp_other_rating_neg: 0.9773590573737978
  endofexp_other_rating_pos: 0.00038046454120948446
  endofexp_other_rating_zero: 0.02226047808499276
  endofexp_p_self_action_press: 0.08
  endofexp_self_rating_neg: 0.17226255932452308
  endofexp_self_rating_pos: 0.4999465710117363
  endofexp_self_rating_zero: 0.3277908696637407
