results:
  endofexp_other_rating_neg: 0.20407110378952129
  endofexp_other_rating_pos: 0.47130079581829754
  endofexp_other_rating_zero: 0.3246281003921812
  endofexp_p_self_action_press: 0.52
  endofexp_self_rating_neg: 0.46991784470571674
  endofexp_self_rating_pos: 0.21696940585758334
  endofexp_self_rating_zero: 0.31311274943670003
