results:
  endofexp_other_rating_neg: 0.23277448780316473
  endofexp_other_rating_pos: 0.43153821551663807
  endofexp_other_rating_zero: 0.3356872966801972
  endofexp_p_self_action_press: 0.44
  endofexp_self_rating_neg: 0.22952068553511912
  endofexp_self_rating_pos: 0.47391515343457885
  endofexp_self_rating_zero: 0.2965641610303021
