results:
  endofexp_other_rating_neg: 0.9454813650545234
  endofexp_other_rating_pos: 0.0005056816916677923
  endofexp_other_rating_zero: 0.05401295325380869
  endofexp_p_self_action_press: 0.08
  endofexp_self_rating_neg: 0.4858192173836784
  endofexp_self_rating_pos: 0.11043063753191931
  endofexp_self_rating_zero: 0.40375014508440227
