results:
  endofexp_other_rating_neg: 0.22864913470457415
  endofexp_other_rating_pos: 0.48722672449597393
  endofexp_other_rating_zero: 0.2841241407994519
  endofexp_p_self_action_press: 0.28
  endofexp_self_rating_neg: 0.9925818233285498
  endofexp_self_rating_pos: 6.141598606604397e-05
  endofexp_self_rating_zero: 0.0073567606853841535
