results:
  endofexp_other_rating_neg: 8.107970926723002e-05
  endofexp_other_rating_pos: 0.9792395162501417
  endofexp_other_rating_zero: 0.020679404040590876
  endofexp_p_self_action_press: 0.84
  endofexp_self_rating_neg: 0.0893953459448324
  endofexp_self_rating_pos: 0.49930025393154376
  endofexp_self_rating_zero: 0.41130440012362374
