results:
  endofexp_other_rating_neg: 0.3665768252044468
  endofexp_other_rating_pos: 0.2627630311256601
  endofexp_other_rating_zero: 0.3706601436698931
  endofexp_p_self_action_press: 0.2
  endofexp_self_rating_neg: 0.6725364086572966
  endofexp_self_rating_pos: 0.06642921517230353
  endofexp_self_rating_zero: 0.2610343761704
