results:
  endofexp_other_rating_neg: 0.9465953666199954
  endofexp_other_rating_pos: 0.00048359690563612207
  endofexp_other_rating_zero: 0.052921036474368494
  endofexp_p_self_action_press: 0.08
  endofexp_self_rating_neg: 0.5382757475717181
  endofexp_self_rating_pos: 0.07899132925423882
  endofexp_self_rating_zero: 0.3827329231740431
