results:
  endofexp_other_rating_neg: 0.36987180859937435
  endofexp_other_rating_pos: 0.25666647944540205
  endofexp_other_rating_zero: 0.3734617119552236
  endofexp_p_self_action_press: 0.8
  endofexp_self_rating_neg: 0.06111207835263232
  endofexp_self_rating_pos: 0.682653231481556
  endofexp_self_rating_zero: 0.2562346901658118
