results:
  endofexp_other_rating_neg: 0.2561550843726682
  endofexp_other_rating_pos: 0.23375024342438616
  endofexp_other_rating_zero: 0.5100946722029457
  endofexp_p_self_action_press: 0.28
  endofexp_self_rating_neg: 0.9710952425398922
  endofexp_self_rating_pos: 0.00025571921649115693
  endofexp_self_rating_zero: 0.028649038243616587
