results:
  endofexp_other_rating_neg: 0.2077273555376049
  endofexp_other_rating_pos: 0.44927196237098005
  endofexp_other_rating_zero: 0.3430006820914151
  endofexp_p_self_action_press: 0.64
  endofexp_self_rating_neg: 9.606558847217474e-06
  endofexp_self_rating_pos: 0.9932199388980484
  endofexp_self_rating_zero: 0.006770454543104371
