results:
  endofexp_other_rating_neg: 0.00013063913335045545
  endofexp_other_rating_pos: 0.9652754926407281
  endofexp_other_rating_zero: 0.03459386822592147
  endofexp_p_self_action_press: 0.08
  endofexp_self_rating_neg: 0.415613478851498
  endofexp_self_rating_pos: 0.13740714836010004
  endofexp_self_rating_zero: 0.44697937278840194
