results:
  endofexp_other_rating_neg: 0.9750530453860349
  endofexp_other_rating_pos: 0.00021413830831912249
  endofexp_other_rating_zero: 0.02473281630564594
  endofexp_p_self_action_press: 0.88
  endofexp_self_rating_neg: 0.7079231099580158
  endofexp_self_rating_pos: 0.035628637631101405
  endofexp_self_rating_zero: 0.2564482524108828
