results:
  endofexp_other_rating_neg: 0.004071808343842953
  endofexp_other_rating_pos: 0.938901348322636
  endofexp_other_rating_zero: 0.05702684333352093
  endofexp_p_self_action_press: 0.08
  endofexp_self_rating_neg: 0.3219626133824158
  endofexp_self_rating_pos: 0.277969369059691
  endofexp_self_rating_zero: 0.4000680175578933
