results:
  endofexp_other_rating_neg: 0.0004264107808343458
  endofexp_other_rating_pos: 0.9199940322316611
  endofexp_other_rating_zero: 0.07957955698750464
  endofexp_p_self_action_press: 0.04
  endofexp_self_rating_neg: 0.675767283244068
  endofexp_self_rating_pos: 0.014061520169442364
  endofexp_self_rating_zero: 0.3101711965864896
