results:
  endofexp_other_rating_neg: 0.3682930545478733
  endofexp_other_rating_pos: 0.27792733553907595
  endofexp_other_rating_zero: 0.35377960991305085
  endofexp_p_self_action_press: 0.36
  endofexp_self_rating_neg: 0.9931791217012065
  endofexp_self_rating_pos: 7.899363189237823e-06
  endofexp_self_rating_zero: 0.006812978935604276
