results:
  endofexp_other_rating_neg: 0.4635136609938895
  endofexp_other_rating_pos: 0.11293014391036017
  endofexp_other_rating_zero: 0.4235561950957503
  endofexp_p_self_action_press: 0.56
  endofexp_self_rating_neg: 9.559141265009093e-06
  endofexp_self_rating_pos: 0.9913700366006253
  endofexp_self_rating_zero: 0.008620404258109674
