results:
  endofexp_other_rating_neg: 0.2438451033429187
  endofexp_other_rating_pos: 0.23940317038637848
  endofexp_other_rating_zero: 0.5167517262707029
  endofexp_p_self_action_press: 0.32
  endofexp_self_rating_neg: 0.9710774687759428
  endofexp_self_rating_pos: 0.0002843606391376998
  endofexp_self_rating_zero: 0.028638170584919447
