results:
  endofexp_other_rating_neg: 0.2823837355202068
  endofexp_other_rating_pos: 0.19484189289408418
  endofexp_other_rating_zero: 0.5227743715857089
  endofexp_p_self_action_press: 0.52
  endofexp_self_rating_neg: 0.0001335544119994463
  endofexp_self_rating_pos: 0.9790442198250141
  endofexp_self_rating_zero: 0.02082222576298649
