results:
  endofexp_other_rating_neg: 0.6012428571759362
  endofexp_other_rating_pos: 0.02416574773814959
  endofexp_other_rating_zero: 0.37459139508591427
  endofexp_p_self_action_press: 0.6
  endofexp_self_rating_neg: 0.0005887289470213792
  endofexp_self_rating_pos: 0.9480306257655167
  endofexp_self_rating_zero: 0.05138064528746193
