results:
  endofexp_other_rating_neg: 0.014927656029591976
  endofexp_other_rating_pos: 0.8103510154957001
  endofexp_other_rating_zero: 0.17472132847470784
  endofexp_p_self_action_press: 0.08
  endofexp_self_rating_neg: 0.4525278058641118
  endofexp_self_rating_pos: 0.05936859456901224
  endofexp_self_rating_zero: 0.4881035995668759
