results:
  endofexp_other_rating_neg: 0.016485591542979496
  endofexp_other_rating_pos: 0.8041633571145289
  endofexp_other_rating_zero: 0.17935105134249174
  endofexp_p_self_action_press: 0.08
  endofexp_self_rating_neg: 0.5163454747702857
  endofexp_self_rating_pos: 0.04207316375470061
  endofexp_self_rating_zero: 0.4415813614750138
