results:
  endofexp_other_rating_neg: 0.25798325324173244
  endofexp_other_rating_pos: 0.19678998711183965
  endofexp_other_rating_zero: 0.5452267596464279
  endofexp_p_self_action_press: 0.64
  endofexp_self_rating_neg: 0.00018960769823896806
  endofexp_self_rating_pos: 0.9734629964510323
  endofexp_self_rating_zero: 0.02634739585072876
