results:
  endofexp_other_rating_neg: 0.15216345598853329
  endofexp_other_rating_pos: 0.3390999125752129
  endofexp_other_rating_zero: 0.5087366314362538
  endofexp_p_self_action_press: 0.64
  endofexp_self_rating_neg: 0.0001628433094365666
  endofexp_self_rating_pos: 0.9767761218185178
  endofexp_self_rating_zero: 0.023061034872045628
