results:
  endofexp_other_rating_neg: 0.9498847662669407
  endofexp_other_rating_pos: 0.0004700739019575193
  endofexp_other_rating_zero: 0.04964515983110186
  endofexp_p_self_action_press: 0.08
  endofexp_self_rating_neg: 0.4816109313739543
  endofexp_self_rating_pos: 0.1074002289871595
  endofexp_self_rating_zero: 0.4109888396388862
