results:
  endofexp_other_rating_neg: 0.29199494095777934
  endofexp_other_rating_pos: 0.339543590235372
  endofexp_other_rating_zero: 0.36846146880684866
  endofexp_p_self_action_press: 0.12
  endofexp_self_rating_neg: 0.6628012912467949
  endofexp_self_rating_pos: 0.07166489025699506
  endofexp_self_rating_zero: 0.2655338184962101
