results:
  endofexp_other_rating_neg: 0.13969557563810944
  endofexp_other_rating_pos: 0.2604889308024925
  endofexp_other_rating_zero: 0.599815493559398
  endofexp_p_self_action_press: 0.28
  endofexp_self_rating_neg: 0.9649878564712443
  endofexp_self_rating_pos: 0.0001202063318822127
  endofexp_self_rating_zero: 0.034891937196873446
