results:
  endofexp_other_rating_neg: 0.146989737339872
  endofexp_other_rating_pos: 0.08055519401743214
  endofexp_other_rating_zero: 0.7724550686426959
  endofexp_p_self_action_press: 0.52
  endofexp_self_rating_neg: 8.947080099885239e-05
  endofexp_self_rating_pos: 0.991757842144502
  endofexp_self_rating_zero: 0.008152687054499104
