results:
  endofexp_other_rating_neg: 0.07703022611255088
  endofexp_other_rating_pos: 0.4754946109600999
  endofexp_other_rating_zero: 0.44747516292734923
  endofexp_p_self_action_press: 0.64
  endofexp_self_rating_neg: 0.00023777704489740708
  endofexp_self_rating_pos: 0.9719576320237079
  endofexp_self_rating_zero: 0.027804590931394788
