results:
  endofexp_other_rating_neg: 0.21779305767308815
  endofexp_other_rating_pos: 0.37969709546070013
  endofexp_other_rating_zero: 0.4025098468662118
  endofexp_p_self_action_press: 0.56
  endofexp_self_rating_neg: 0.3355567526443116
  endofexp_self_rating_pos: 0.3280272697685826
  endofexp_self_rating_zero: 0.33641597758710573
