results:
  endofexp_other_rating_neg: 0.9751021906649551
  endofexp_other_rating_pos: 0.0002092019206218303
  endofexp_other_rating_zero: 0.02468860741442309
  endofexp_p_self_action_press: 0.88
  endofexp_self_rating_neg: 0.7093180541783197
  endofexp_self_rating_pos: 0.03483381221009292
  endofexp_self_rating_zero: 0.2558481336115874
