results:
  endofexp_other_rating_neg: 0.2995908398695567
  endofexp_other_rating_pos: 0.34753286255182936
  endofexp_other_rating_zero: 0.352876297578614
  endofexp_p_self_action_press: 0.56
  endofexp_self_rating_neg: 0.3797006864906562
  endofexp_self_rating_pos: 0.2302211154999757
  endofexp_self_rating_zero: 0.39007819800936805
