results:
  endofexp_other_rating_neg: 0.378774619686525
  endofexp_other_rating_pos: 0.25103626541298185
  endofexp_other_rating_zero: 0.3701891149004933
  endofexp_p_self_action_press: 0.48
  endofexp_self_rating_neg: 0.5382508676023892
  endofexp_self_rating_pos: 0.13592742005170397
  endofexp_self_rating_zero: 0.3258217123459068
