results:
  endofexp_other_rating_neg: 0.8315362673714268
  endofexp_other_rating_pos: 0.0017959837627389101
  endofexp_other_rating_zero: 0.16666774886583444
  endofexp_p_self_action_press: 0.08
  endofexp_self_rating_neg: 0.19219005203514028
  endofexp_self_rating_pos: 0.10199274862321125
  endofexp_self_rating_zero: 0.7058171993416483
