results:
  endofexp_other_rating_neg: 0.17328576898225836
  endofexp_other_rating_pos: 0.27670091075286407
  endofexp_other_rating_zero: 0.5500133202648775
  endofexp_p_self_action_press: 0.64
  endofexp_self_rating_neg: 0.00011723371238272411
  endofexp_self_rating_pos: 0.9777491284526357
  endofexp_self_rating_zero: 0.022133637834981415
