results:
  endofexp_other_rating_neg: 0.12630145117152095
  endofexp_other_rating_pos: 0.38585582105095023
  endofexp_other_rating_zero: 0.4878427277775289
  endofexp_p_self_action_press: 0.64
  endofexp_self_rating_neg: 0.00025343859225532945
  endofexp_self_rating_pos: 0.9720157874725811
  endofexp_self_rating_zero: 0.027730773935163367
