results:
  endofexp_other_rating_neg: 0.9544609069150539
  endofexp_other_rating_pos: 0.00041121366707461203
  endofexp_other_rating_zero: 0.04512787941787134
  endofexp_p_self_action_press: 0.08
  endofexp_self_rating_neg: 0.43568301095040135
  endofexp_self_rating_pos: 0.1251103711464394
  endofexp_self_rating_zero: 0.43920661790315924
