results:
  endofexp_other_rating_neg: 0.000544235517467311
  endofexp_other_rating_pos: 0.9712389610708084
  endofexp_other_rating_zero: 0.02821680341172425
  endofexp_p_self_action_press: 0.08
  endofexp_self_rating_neg: 0.5060483004426469
  endofexp_self_rating_pos: 0.15999040452645583
  endofexp_self_rating_zero: 0.3339612950308973
