results:
  endofexp_other_rating_neg: 0.0004085258626045042
  endofexp_other_rating_pos: 0.9507621793631498
  endofexp_other_rating_zero: 0.04882929477424572
  endofexp_p_self_action_press: 0.08
  endofexp_self_rating_neg: 0.14577285342281018
  endofexp_self_rating_pos: 0.41493463369609707
  endofexp_self_rating_zero: 0.4392925128810927
