results:
  endofexp_other_rating_neg: 0.37778458810327825
  endofexp_other_rating_pos: 0.13220206753203878
  endofexp_other_rating_zero: 0.4900133443646829
  endofexp_p_self_action_press: 0.28
  endofexp_self_rating_neg: 0.976576335977532
  endofexp_self_rating_pos: 0.00017070668967567222
  endofexp_self_rating_zero: 0.023252957332792253
