results:
  endofexp_other_rating_neg: 0.000861618840859775
  endofexp_other_rating_pos: 0.9341093064694468
  endofexp_other_rating_zero: 0.06502907468969348
  endofexp_p_self_action_press: 0.04
  endofexp_self_rating_neg: 0.46824773259856894
  endofexp_self_rating_pos: 0.11770973458977754
  endofexp_self_rating_zero: 0.41404253281165354
