results:
  endofexp_other_rating_neg: 0.3553327205047862
  endofexp_other_rating_pos: 0.07142079671251321
  endofexp_other_rating_zero: 0.5732464827827006
  endofexp_p_self_action_press: 0.28
  endofexp_self_rating_neg: 0.9433253279169874
  endofexp_self_rating_pos: 0.0003825300675851311
  endofexp_self_rating_zero: 0.05629214201542747
