results:
  endofexp_other_rating_neg: 0.034974481300631945
  endofexp_other_rating_pos: 0.6030722613936346
  endofexp_other_rating_zero: 0.3619532573057335
  endofexp_p_self_action_press: 0.4
  endofexp_self_rating_neg: 0.9405240195322068
  endofexp_self_rating_pos: 0.001111102621103441
  endofexp_self_rating_zero: 0.05836487784668978
