results:
  endofexp_other_rating_neg: 0.39911221093692456
  endofexp_other_rating_pos: 0.0867073917079027
  endofexp_other_rating_zero: 0.5141803973551727
  endofexp_p_self_action_press: 0.64
  endofexp_self_rating_neg: 0.00013128361118187485
  endofexp_self_rating_pos: 0.9746244188536959
  endofexp_self_rating_zero: 0.025244297535122227
