results:
  endofexp_other_rating_neg: 0.29500436350666676
  endofexp_other_rating_pos: 0.27963209180698845
  endofexp_other_rating_zero: 0.42536354468634474
  endofexp_p_self_action_press: 0.44
  endofexp_self_rating_neg: 0.22983535217557427
  endofexp_self_rating_pos: 0.3721784127392287
  endofexp_self_rating_zero: 0.39798623508519704
