results:
  endofexp_other_rating_neg: 0.9620497438647889
  endofexp_other_rating_pos: 0.00024732945758903764
  endofexp_other_rating_zero: 0.037702926677622234
  endofexp_p_self_action_press: 0.08
  endofexp_self_rating_neg: 0.13899398755670553
  endofexp_self_rating_pos: 0.3867032142501461
  endofexp_self_rating_zero: 0.47430279819314825
