results:
  endofexp_other_rating_neg: 0.00044261983584314085
  endofexp_other_rating_pos: 0.9560515411993298
  endofexp_other_rating_zero: 0.043505838964827036
  endofexp_p_self_action_press: 0.08
  endofexp_self_rating_neg: 0.34144573082271623
  endofexp_self_rating_pos: 0.1980262592965782
  endofexp_self_rating_zero: 0.46052800988070564
