results:
  endofexp_other_rating_neg: 0.00034800183034054715
  endofexp_other_rating_pos: 0.9466821611849535
  endofexp_other_rating_zero: 0.05296983698470591
  endofexp_p_self_action_press: 0.88
  endofexp_self_rating_neg: 0.02408610475847484
  endofexp_self_rating_pos: 0.6755720583391134
  endofexp_self_rating_zero: 0.3003418369024118
