results:
  endofexp_other_rating_neg: 0.22214662178929453
  endofexp_other_rating_pos: 0.05046761617361854
  endofexp_other_rating_zero: 0.7273857620370868
  endofexp_p_self_action_press: 0.56
  endofexp_self_rating_neg: 8.902131286246498e-05
  endofexp_self_rating_pos: 0.9913830612366163
  endofexp_self_rating_zero: 0.008527917450521005
