results:
  endofexp_other_rating_neg: 0.30421357740225796
  endofexp_other_rating_pos: 0.35528909866431324
  endofexp_other_rating_zero: 0.34049732393342874
  endofexp_p_self_action_press: 0.48
  endofexp_self_rating_neg: 0.34131179299458936
  endofexp_self_rating_pos: 0.24836612628649687
  endofexp_self_rating_zero: 0.41032208071891385
