results:
  endofexp_other_rating_neg: 0.00023554719214317205
  endofexp_other_rating_pos: 0.9615314693693909
  endofexp_other_rating_zero: 0.038232983438465734
  endofexp_p_self_action_press: 0.08
  endofexp_self_rating_neg: 0.4586654311630678
  endofexp_self_rating_pos: 0.10703486705746434
  endofexp_self_rating_zero: 0.43429970177946786
