results:
  endofexp_other_rating_neg: 0.3728274460627828
  endofexp_other_rating_pos: 0.16845277868566075
  endofexp_other_rating_zero: 0.4587197752515565
  endofexp_p_self_action_press: 0.64
  endofexp_self_rating_neg: 1.0624533286513868e-05
  endofexp_self_rating_pos: 0.9890295477863339
  endofexp_self_rating_zero: 0.010959827680379687
