results:
  endofexp_other_rating_neg: 0.9578652459666064
  endofexp_other_rating_pos: 0.000362364503831667
  endofexp_other_rating_zero: 0.04177238952956188
  endofexp_p_self_action_press: 0.08
  endofexp_self_rating_neg: 0.25910850561018484
  endofexp_self_rating_pos: 0.2739629758004887
  endofexp_self_rating_zero: 0.4669285185893264
