results:
  endofexp_other_rating_neg: 0.842965569368544
  endofexp_other_rating_pos: 0.002603756242526131
  endofexp_other_rating_zero: 0.1544306743889297
  endofexp_p_self_action_press: 0.12
  endofexp_self_rating_neg: 0.18533801857079846
  endofexp_self_rating_pos: 0.13729522998346108
  endofexp_self_rating_zero: 0.6773667514457404
