results:
  endofexp_other_rating_neg: 6.011408766871876e-05
  endofexp_other_rating_pos: 0.9936614022279759
  endofexp_other_rating_zero: 0.00627848368435516
  endofexp_p_self_action_press: 0.2
  endofexp_self_rating_neg: 0.04735842814359047
  endofexp_self_rating_pos: 0.21412290661020722
  endofexp_self_rating_zero: 0.7385186652462022
