results:
  endofexp_other_rating_neg: 0.4462725062977715
  endofexp_other_rating_pos: 0.08286926427713263
  endofexp_other_rating_zero: 0.47085822942509586
  endofexp_p_self_action_press: 0.6
  endofexp_self_rating_neg: 0.00016416172302952665
  endofexp_self_rating_pos: 0.9774568386075511
  endofexp_self_rating_zero: 0.022378999669419364
