results:
  endofexp_other_rating_neg: 0.0002839560289498215
  endofexp_other_rating_pos: 0.9521110435876212
  endofexp_other_rating_zero: 0.047605000383428984
  endofexp_p_self_action_press: 0.08
  endofexp_self_rating_neg: 0.024879757557489793
  endofexp_self_rating_pos: 0.6843649310024804
  endofexp_self_rating_zero: 0.29075531144002986
