results:
  endofexp_other_rating_neg: 0.5522521383648303
  endofexp_other_rating_pos: 0.04912099092505319
  endofexp_other_rating_zero: 0.39862687071011654
  endofexp_p_self_action_press: 0.48
  endofexp_self_rating_neg: 0.0007549060744666279
  endofexp_self_rating_pos: 0.9536947167234686
  endofexp_self_rating_zero: 0.04555037720206473
