results:
  endofexp_other_rating_neg: 0.8491106442918511
  endofexp_other_rating_pos: 0.0018737757624946094
  endofexp_other_rating_zero: 0.1490155799456542
  endofexp_p_self_action_press: 0.12
  endofexp_self_rating_neg: 0.14380184028500476
  endofexp_self_rating_pos: 0.22565881356403353
  endofexp_self_rating_zero: 0.6305393461509617
