results:
  endofexp_other_rating_neg: 0.9465033205854185
  endofexp_other_rating_pos: 0.0005144272246666746
  endofexp_other_rating_zero: 0.052982252189914716
  endofexp_p_self_action_press: 0.08
  endofexp_self_rating_neg: 0.5234152177811977
  endofexp_self_rating_pos: 0.08655720489604583
  endofexp_self_rating_zero: 0.3900275773227564
