results:
  endofexp_other_rating_neg: 0.830174844762805
  endofexp_other_rating_pos: 0.00175201164093148
  endofexp_other_rating_zero: 0.16807314359626346
  endofexp_p_self_action_press: 0.88
  endofexp_self_rating_neg: 0.015948368622535382
  endofexp_self_rating_pos: 0.41234169097026396
  endofexp_self_rating_zero: 0.5717099404072007
