results:
  endofexp_other_rating_neg: 0.05857176562068248
  endofexp_other_rating_pos: 0.5076976428769049
  endofexp_other_rating_zero: 0.4337305915024126
  endofexp_p_self_action_press: 0.64
  endofexp_self_rating_neg: 0.00015160656916230793
  endofexp_self_rating_pos: 0.976144930680837
  endofexp_self_rating_zero: 0.02370346275000064
