results:
  endofexp_other_rating_neg: 0.9643444435708705
  endofexp_other_rating_pos: 0.00036300919464756203
  endofexp_other_rating_zero: 0.03529254723448186
  endofexp_p_self_action_press: 0.08
  endofexp_self_rating_neg: 0.0649728497487899
  endofexp_self_rating_pos: 0.6156819157839295
  endofexp_self_rating_zero: 0.3193452344672806
