results:
  endofexp_other_rating_neg: 0.00023668662217021287
  endofexp_other_rating_pos: 0.9650854102887677
  endofexp_other_rating_zero: 0.03467790308906195
  endofexp_p_self_action_press: 0.12
  endofexp_self_rating_neg: 0.3044638409304533
  endofexp_self_rating_pos: 0.19623999512223567
  endofexp_self_rating_zero: 0.49929616394731113
