results:
  endofexp_other_rating_neg: 0.006539921365236458
  endofexp_other_rating_pos: 0.9233011595292112
  endofexp_other_rating_zero: 0.07015891910555232
  endofexp_p_self_action_press: 0.08
  endofexp_self_rating_neg: 0.1542632086005523
  endofexp_self_rating_pos: 0.46386134854494643
  endofexp_self_rating_zero: 0.38187544285450137
