results:
  endofexp_other_rating_neg: 0.6695732299795902
  endofexp_other_rating_pos: 0.06179142217872705
  endofexp_other_rating_zero: 0.26863534784168275
  endofexp_p_self_action_press: 0.04
  endofexp_self_rating_neg: 0.41432691059728244
  endofexp_self_rating_pos: 0.23000989775678024
  endofexp_self_rating_zero: 0.35566319164593735
