results:
  endofexp_other_rating_neg: 0.2786937804087802
  endofexp_other_rating_pos: 0.3357898061490663
  endofexp_other_rating_zero: 0.3855164134421535
  endofexp_p_self_action_press: 0.64
  endofexp_self_rating_neg: 0.2835870957416916
  endofexp_self_rating_pos: 0.3210436444275123
  endofexp_self_rating_zero: 0.3953692598307961
