results:
  endofexp_other_rating_neg: 0.22415150486300559
  endofexp_other_rating_pos: 0.2608988871561241
  endofexp_other_rating_zero: 0.5149496079808704
  endofexp_p_self_action_press: 0.48
  endofexp_self_rating_neg: 0.9758513691984176
  endofexp_self_rating_pos: 0.00017900046395253412
  endofexp_self_rating_zero: 0.023969630337629895
