results:
  endofexp_other_rating_neg: 0.09539314668370025
  endofexp_other_rating_pos: 0.44617579965426074
  endofexp_other_rating_zero: 0.45843105366203896
  endofexp_p_self_action_press: 0.36
  endofexp_self_rating_neg: 0.9637820382693038
  endofexp_self_rating_pos: 0.00023616458308607405
  endofexp_self_rating_zero: 0.03598179714761018
