results:
  endofexp_other_rating_neg: 0.1686338194493158
  endofexp_other_rating_pos: 0.3195258072478316
  endofexp_other_rating_zero: 0.5118403733028526
  endofexp_p_self_action_press: 0.64
  endofexp_self_rating_neg: 0.00020959852535129209
  endofexp_self_rating_pos: 0.9744150319197161
  endofexp_self_rating_zero: 0.025375369554932664
