results:
  endofexp_other_rating_neg: 0.1887788631021484
  endofexp_other_rating_pos: 0.23949551559616677
  endofexp_other_rating_zero: 0.5717256213016849
  endofexp_p_self_action_press: 0.68
  endofexp_self_rating_neg: 0.00041364483996775194
  endofexp_self_rating_pos: 0.9534722601642478
  endofexp_self_rating_zero: 0.04611409499578434
