results:
  endofexp_other_rating_neg: 0.14096291014175683
  endofexp_other_rating_pos: 0.3285961559219541
  endofexp_other_rating_zero: 0.5304409339362891
  endofexp_p_self_action_press: 0.6
  endofexp_self_rating_neg: 0.00019780835044487633
  endofexp_self_rating_pos: 0.9706319403829646
  endofexp_self_rating_zero: 0.029170251266590286
