results:
  endofexp_other_rating_neg: 0.4759847826850158
  endofexp_other_rating_pos: 0.07031834898970243
  endofexp_other_rating_zero: 0.45369686832528167
  endofexp_p_self_action_press: 0.6
  endofexp_self_rating_neg: 4.941481217207089e-05
  endofexp_self_rating_pos: 0.9720933994371751
  endofexp_self_rating_zero: 0.02785718575065284
