results:
  endofexp_other_rating_neg: 0.42564242560649723
  endofexp_other_rating_pos: 0.21633045935228232
  endofexp_other_rating_zero: 0.3580271150412204
  endofexp_p_self_action_press: 0.6
  endofexp_self_rating_neg: 0.5215102648567211
  endofexp_self_rating_pos: 0.0931377140911214
  endofexp_self_rating_zero: 0.38535202105215755
