results:
  endofexp_other_rating_neg: 0.08879168470736014
  endofexp_other_rating_pos: 0.4558073129653571
  endofexp_other_rating_zero: 0.45540100232728287
  endofexp_p_self_action_press: 0.52
  endofexp_self_rating_neg: 0.0005180659256178517
  endofexp_self_rating_pos: 0.9619599737333717
  endofexp_self_rating_zero: 0.03752196034101048
