results:
  endofexp_other_rating_neg: 0.40594832093434463
  endofexp_other_rating_pos: 0.2346241460760059
  endofexp_other_rating_zero: 0.35942753298964947
  endofexp_p_self_action_press: 0.48
  endofexp_self_rating_neg: 0.32161247820320105
  endofexp_self_rating_pos: 0.3232723961270133
  endofexp_self_rating_zero: 0.35511512566978565
