results:
  endofexp_other_rating_neg: 0.00021370977074326627
  endofexp_other_rating_pos: 0.9632623402267917
  endofexp_other_rating_zero: 0.03652395000246488
  endofexp_p_self_action_press: 0.84
  endofexp_self_rating_neg: 0.08947022971048152
  endofexp_self_rating_pos: 0.48678501307957117
  endofexp_self_rating_zero: 0.4237447572099473
