results:
  endofexp_other_rating_neg: 4.643357871210642e-05
  endofexp_other_rating_pos: 0.9947161101692602
  endofexp_other_rating_zero: 0.005237456252027679
  endofexp_p_self_action_press: 0.12
  endofexp_self_rating_neg: 0.27940289415105674
  endofexp_self_rating_pos: 0.03392770166022088
  endofexp_self_rating_zero: 0.6866694041887225
