results:
  endofexp_other_rating_neg: 0.5138363279604444
  endofexp_other_rating_pos: 0.06927713063003536
  endofexp_other_rating_zero: 0.41688654140952025
  endofexp_p_self_action_press: 0.72
  endofexp_self_rating_neg: 0.0006894196242448744
  endofexp_self_rating_pos: 0.9577286285558751
  endofexp_self_rating_zero: 0.04158195181987986
