results:
  endofexp_other_rating_neg: 0.2122411869156531
  endofexp_other_rating_pos: 0.42987686304325173
  endofexp_other_rating_zero: 0.35788195004109513
  endofexp_p_self_action_press: 0.44
  endofexp_self_rating_neg: 0.16623968508944284
  endofexp_self_rating_pos: 0.49022405090153287
  endofexp_self_rating_zero: 0.34353626400902426
