results:
  endofexp_other_rating_neg: 0.3069179305693425
  endofexp_other_rating_pos: 0.31391752923265076
  endofexp_other_rating_zero: 0.37916454019800666
  endofexp_p_self_action_press: 0.44
  endofexp_self_rating_neg: 0.3688253665517939
  endofexp_self_rating_pos: 0.21827594614708173
  endofexp_self_rating_zero: 0.4128986873011245
