results:
  endofexp_other_rating_neg: 0.6937678632436426
  endofexp_other_rating_pos: 0.05105387567775004
  endofexp_other_rating_zero: 0.25517826107860736
  endofexp_p_self_action_press: 0.08
  endofexp_self_rating_neg: 0.28131275709338455
  endofexp_self_rating_pos: 0.3492788804554055
  endofexp_self_rating_zero: 0.36940836245120984
