results:
  endofexp_other_rating_neg: 8.406975198591495e-05
  endofexp_other_rating_pos: 0.9929700201635486
  endofexp_other_rating_zero: 0.006945910084465521
  endofexp_p_self_action_press: 0.24
  endofexp_self_rating_neg: 0.021977088036885157
  endofexp_self_rating_pos: 0.3860450573817675
  endofexp_self_rating_zero: 0.5919778545813473
