results:
  endofexp_other_rating_neg: 0.8952401667515844
  endofexp_other_rating_pos: 0.00022874135597786548
  endofexp_other_rating_zero: 0.1045310918924377
  endofexp_p_self_action_press: 0.12
  endofexp_self_rating_neg: 0.1233329798157808
  endofexp_self_rating_pos: 0.19620404987529175
  endofexp_self_rating_zero: 0.6804629703089274
