results:
  endofexp_other_rating_neg: 0.5496000806949003
  endofexp_other_rating_pos: 0.1264344560399981
  endofexp_other_rating_zero: 0.32396546326510156
  endofexp_p_self_action_press: 0.52
  endofexp_self_rating_neg: 0.3462733932991011
  endofexp_self_rating_pos: 0.3005146934949136
  endofexp_self_rating_zero: 0.3532119132059853
