results:
  endofexp_other_rating_neg: 0.16686087184713877
  endofexp_other_rating_pos: 0.5014527186606228
  endofexp_other_rating_zero: 0.33168640949223854
  endofexp_p_self_action_press: 0.48
  endofexp_self_rating_neg: 0.40894572811549235
  endofexp_self_rating_pos: 0.22244411589648608
  endofexp_self_rating_zero: 0.3686101559880216
