results:
  endofexp_other_rating_neg: 0.9384869152799475
  endofexp_other_rating_pos: 0.0009046661222157547
  endofexp_other_rating_zero: 0.06060841859783675
  endofexp_p_self_action_press: 0.04
  endofexp_self_rating_neg: 0.3067116558898033
  endofexp_self_rating_pos: 0.24608872656471908
  endofexp_self_rating_zero: 0.44719961754547766
