results:
  endofexp_other_rating_neg: 0.9632266864830893
  endofexp_other_rating_pos: 0.0002606319146667382
  endofexp_other_rating_zero: 0.03651268160224385
  endofexp_p_self_action_press: 0.08
  endofexp_self_rating_neg: 0.253716172778382
  endofexp_self_rating_pos: 0.27700063670073793
  endofexp_self_rating_zero: 0.46928319052088
