results:
  endofexp_other_rating_neg: 0.9601702967824157
  endofexp_other_rating_pos: 0.00026723509744810953
  endofexp_other_rating_zero: 0.03956246812013612
  endofexp_p_self_action_press: 0.08
  endofexp_self_rating_neg: 0.36681441023256395
  endofexp_self_rating_pos: 0.1733704397030826
  endofexp_self_rating_zero: 0.4598151500643534
