results:
  endofexp_other_rating_neg: 0.3407042827534593
  endofexp_other_rating_pos: 0.304184609491145
  endofexp_other_rating_zero: 0.35511110775539567
  endofexp_p_self_action_press: 0.64
  endofexp_self_rating_neg: 6.9010398392927836e-06
  endofexp_self_rating_pos: 0.9947738015873361
  endofexp_self_rating_zero: 0.005219297372824637
