results:
  endofexp_other_rating_neg: 0.4049985881700429
  endofexp_other_rating_pos: 0.24220082651531324
  endofexp_other_rating_zero: 0.35280058531464387
  endofexp_p_self_action_press: 0.4
  endofexp_self_rating_neg: 0.4183488103183328
  endofexp_self_rating_pos: 0.23306784186635815
  endofexp_self_rating_zero: 0.3485833478153089
