results:
  endofexp_other_rating_neg: 0.9434934199084597
  endofexp_other_rating_pos: 0.000726826777298998
  endofexp_other_rating_zero: 0.05577975331424119
  endofexp_p_self_action_press: 0.04
  endofexp_self_rating_neg: 0.32836460811218177
  endofexp_self_rating_pos: 0.2231030713104981
  endofexp_self_rating_zero: 0.4485323205773202
