results:
  endofexp_other_rating_neg: 0.41154604332423467
  endofexp_other_rating_pos: 0.23748697608606106
  endofexp_other_rating_zero: 0.35096698058970444
  endofexp_p_self_action_press: 0.48
  endofexp_self_rating_neg: 0.29149863400574866
  endofexp_self_rating_pos: 0.2970708961803996
  endofexp_self_rating_zero: 0.4114304698138517
