results:
  endofexp_other_rating_neg: 0.9423745325792543
  endofexp_other_rating_pos: 0.0005978106428522551
  endofexp_other_rating_zero: 0.05702765677789357
  endofexp_p_self_action_press: 0.08
  endofexp_self_rating_neg: 0.5615117058003412
  endofexp_self_rating_pos: 0.06922385619786554
  endofexp_self_rating_zero: 0.3692644380017933
