results:
  endofexp_other_rating_neg: 0.38460197420637565
  endofexp_other_rating_pos: 0.2643986643263058
  endofexp_other_rating_zero: 0.3509993614673185
  endofexp_p_self_action_press: 0.28
  endofexp_self_rating_neg: 0.9913716022922271
  endofexp_self_rating_pos: 1.0035063109376684e-05
  endofexp_self_rating_zero: 0.008618362644663369
