results:
  endofexp_other_rating_neg: 0.3648976486634928
  endofexp_other_rating_pos: 0.14758820019268143
  endofexp_other_rating_zero: 0.4875141511438258
  endofexp_p_self_action_press: 0.64
  endofexp_self_rating_neg: 7.115256843550835e-06
  endofexp_self_rating_pos: 0.9890953402857674
  endofexp_self_rating_zero: 0.010897544457389134
