results:
  endofexp_other_rating_neg: 0.20034715331581324
  endofexp_other_rating_pos: 0.28520776594784125
  endofexp_other_rating_zero: 0.5144450807363455
  endofexp_p_self_action_press: 0.28
  endofexp_self_rating_neg: 0.9717658143960627
  endofexp_self_rating_pos: 0.00027638736596623405
  endofexp_self_rating_zero: 0.027957798237971027
