results:
  endofexp_other_rating_neg: 0.01557915642431088
  endofexp_other_rating_pos: 0.723042689691567
  endofexp_other_rating_zero: 0.26137815388412206
  endofexp_p_self_action_press: 0.44
  endofexp_self_rating_neg: 0.4943172378683024
  endofexp_self_rating_pos: 0.16967663811641465
  endofexp_self_rating_zero: 0.33600612401528285
