results:
  endofexp_other_rating_neg: 0.6774327152718139
  endofexp_other_rating_pos: 0.05971975649971782
  endofexp_other_rating_zero: 0.2628475282284683
  endofexp_p_self_action_press: 0.04
  endofexp_self_rating_neg: 0.2608950640966252
  endofexp_self_rating_pos: 0.3758071766446752
  endofexp_self_rating_zero: 0.3632977592586995
