results:
  endofexp_other_rating_neg: 0.3834205445304001
  endofexp_other_rating_pos: 0.263950432583592
  endofexp_other_rating_zero: 0.35262902288600784
  endofexp_p_self_action_press: 0.64
  endofexp_self_rating_neg: 7.886557560529988e-06
  endofexp_self_rating_pos: 0.9934538757436349
  endofexp_self_rating_zero: 0.0065382376988047585
