results:
  endofexp_other_rating_neg: 0.00035247006495272117
  endofexp_other_rating_pos: 0.9586150786711441
  endofexp_other_rating_zero: 0.04103245126390308
  endofexp_p_self_action_press: 0.08
  endofexp_self_rating_neg: 0.3686628111131463
  endofexp_self_rating_pos: 0.16934055663830339
  endofexp_self_rating_zero: 0.4619966322485503
