results:
  endofexp_other_rating_neg: 0.4744252485508794
  endofexp_other_rating_pos: 0.15278270958930645
  endofexp_other_rating_zero: 0.37279204185981424
  endofexp_p_self_action_press: 0.6
  endofexp_self_rating_neg: 0.11339011038775505
  endofexp_self_rating_pos: 0.5071860569441217
  endofexp_self_rating_zero: 0.37942383266812324
