results:
  endofexp_other_rating_neg: 0.6755263616853763
  endofexp_other_rating_pos: 0.05868201254831398
  endofexp_other_rating_zero: 0.26579162576630977
  endofexp_p_self_action_press: 0.04
  endofexp_self_rating_neg: 0.4374441135506204
  endofexp_self_rating_pos: 0.20809155286660094
  endofexp_self_rating_zero: 0.35446433358277857
