results:
  endofexp_other_rating_neg: 0.26893936310302446
  endofexp_other_rating_pos: 0.21014448377865597
  endofexp_other_rating_zero: 0.5209161531183196
  endofexp_p_self_action_press: 0.64
  endofexp_self_rating_neg: 0.00018926508340152214
  endofexp_self_rating_pos: 0.9757510681655903
  endofexp_self_rating_zero: 0.02405966675100818
