results:
  endofexp_other_rating_neg: 0.36441787633289424
  endofexp_other_rating_pos: 0.2823505735502241
  endofexp_other_rating_zero: 0.35323155011688173
  endofexp_p_self_action_press: 0.4
  endofexp_self_rating_neg: 0.450565737883614
  endofexp_self_rating_pos: 0.16585996626396082
  endofexp_self_rating_zero: 0.38357429585242514
