results:
  endofexp_other_rating_neg: 0.19145255580871934
  endofexp_other_rating_pos: 0.29780753308679175
  endofexp_other_rating_zero: 0.5107399111044889
  endofexp_p_self_action_press: 0.32
  endofexp_self_rating_neg: 0.9703277178531028
  endofexp_self_rating_pos: 0.00030034420996899523
  endofexp_self_rating_zero: 0.02937193793692813
