results:
  endofexp_other_rating_neg: 0.1886561853311326
  endofexp_other_rating_pos: 0.4785397354695697
  endofexp_other_rating_zero: 0.3328040791992978
  endofexp_p_self_action_press: 0.44
  endofexp_self_rating_neg: 0.1891351926871807
  endofexp_self_rating_pos: 0.38571621168849113
  endofexp_self_rating_zero: 0.4251485956243282
