results:
  endofexp_other_rating_neg: 0.03058681755028759
  endofexp_other_rating_pos: 0.34925612984702875
  endofexp_other_rating_zero: 0.6201570526026836
  endofexp_p_self_action_press: 0.36
  endofexp_self_rating_neg: 0.990669764252103
  endofexp_self_rating_pos: 0.00011380885416324573
  endofexp_self_rating_zero: 0.009216426893733597
