results:
  endofexp_other_rating_neg: 0.9477072659112495
  endofexp_other_rating_pos: 0.00030159679842780527
  endofexp_other_rating_zero: 0.0519911372903226
  endofexp_p_self_action_press: 0.08
  endofexp_self_rating_neg: 0.32547093506185965
  endofexp_self_rating_pos: 0.16046641355575272
  endofexp_self_rating_zero: 0.5140626513823876
