results:
  endofexp_other_rating_neg: 0.0006599574439491452
  endofexp_other_rating_pos: 0.9191533964391432
  endofexp_other_rating_zero: 0.08018664611690776
  endofexp_p_self_action_press: 0.04
  endofexp_self_rating_neg: 0.6532112800383917
  endofexp_self_rating_pos: 0.02169733488515271
  endofexp_self_rating_zero: 0.3250913850764555
