results:
  endofexp_other_rating_neg: 0.3148516999329564
  endofexp_other_rating_pos: 0.19790983553346747
  endofexp_other_rating_zero: 0.48723846453357605
  endofexp_p_self_action_press: 0.64
  endofexp_self_rating_neg: 6.147493725360731e-06
  endofexp_self_rating_pos: 0.9898556076090993
  endofexp_self_rating_zero: 0.01013824489717531
