results:
  endofexp_other_rating_neg: 0.00047660062661667704
  endofexp_other_rating_pos: 0.9365406766053708
  endofexp_other_rating_zero: 0.06298272276801252
  endofexp_p_self_action_press: 0.04
  endofexp_self_rating_neg: 0.6277073114841686
  endofexp_self_rating_pos: 0.03546074263269429
  endofexp_self_rating_zero: 0.33683194588313703
