results:
  endofexp_other_rating_neg: 0.3086064609448499
  endofexp_other_rating_pos: 0.32891347945417154
  endofexp_other_rating_zero: 0.36248005960097857
  endofexp_p_self_action_press: 0.44
  endofexp_self_rating_neg: 0.2186718669335986
  endofexp_self_rating_pos: 0.3964706907036919
  endofexp_self_rating_zero: 0.3848574423627096
