results:
  endofexp_other_rating_neg: 0.14056809082865201
  endofexp_other_rating_pos: 0.25725898373201334
  endofexp_other_rating_zero: 0.6021729254393346
  endofexp_p_self_action_press: 0.32
  endofexp_self_rating_neg: 0.9665501667521873
  endofexp_self_rating_pos: 0.00013627975077576355
  endofexp_self_rating_zero: 0.03331355349703702
