results:
  endofexp_other_rating_neg: 0.379934794396731
  endofexp_other_rating_pos: 0.22420964650997743
  endofexp_other_rating_zero: 0.3958555590932916
  endofexp_p_self_action_press: 0.52
  endofexp_self_rating_neg: 0.49842281369404046
  endofexp_self_rating_pos: 0.12756507194373734
  endofexp_self_rating_zero: 0.3740121143622222
