results:
  endofexp_other_rating_neg: 0.4139272588222255
  endofexp_other_rating_pos: 0.25871701747852693
  endofexp_other_rating_zero: 0.32735572369924754
  endofexp_p_self_action_press: 0.56
  endofexp_self_rating_neg: 0.18086671139610275
  endofexp_self_rating_pos: 0.38054104484484635
  endofexp_self_rating_zero: 0.438592243759051
