results:
  endofexp_other_rating_neg: 9.444045099125936e-05
  endofexp_other_rating_pos: 0.9313902965443217
  endofexp_other_rating_zero: 0.068515263004687
  endofexp_p_self_action_press: 0.08
  endofexp_self_rating_neg: 0.44651665573387783
  endofexp_self_rating_pos: 0.04150393478366643
  endofexp_self_rating_zero: 0.5119794094824557
