results:
  endofexp_other_rating_neg: 0.0007584039132086353
  endofexp_other_rating_pos: 0.9657678867866535
  endofexp_other_rating_zero: 0.033473709300137836
  endofexp_p_self_action_press: 0.08
  endofexp_self_rating_neg: 0.5202609502297119
  endofexp_self_rating_pos: 0.1458257543868954
  endofexp_self_rating_zero: 0.3339132953833927
