results:
  endofexp_other_rating_neg: 0.3031465175545714
  endofexp_other_rating_pos: 0.1724659734723065
  endofexp_other_rating_zero: 0.5243875089731221
  endofexp_p_self_action_press: 0.64
  endofexp_self_rating_neg: 9.4081827448392e-05
  endofexp_self_rating_pos: 0.9795189691966386
  endofexp_self_rating_zero: 0.02038694897591286
