results:
  endofexp_other_rating_neg: 0.37145595897457195
  endofexp_other_rating_pos: 0.23275445784259316
  endofexp_other_rating_zero: 0.3957895831828349
  endofexp_p_self_action_press: 0.52
  endofexp_self_rating_neg: 0.2856489396809811
  endofexp_self_rating_pos: 0.3217339592996911
  endofexp_self_rating_zero: 0.39261710101932784
