results:
  endofexp_other_rating_neg: 0.4194594522158461
  endofexp_other_rating_pos: 0.18780863386082164
  endofexp_other_rating_zero: 0.3927319139233324
  endofexp_p_self_action_press: 0.44
  endofexp_self_rating_neg: 0.2508862517694963
  endofexp_self_rating_pos: 0.28108345754142916
  endofexp_self_rating_zero: 0.4680302906890746
