results:
  endofexp_other_rating_neg: 0.9938821410736753
  endofexp_other_rating_pos: 5.983790411325516e-05
  endofexp_other_rating_zero: 0.0060580210222113745
  endofexp_p_self_action_press: 0.2
  endofexp_self_rating_neg: 0.05608581753777702
  endofexp_self_rating_pos: 0.187791892304794
  endofexp_self_rating_zero: 0.756122290157429
