results:
  endofexp_other_rating_neg: 0.5933213186983981
  endofexp_other_rating_pos: 0.11132701667298846
  endofexp_other_rating_zero: 0.2953516646286134
  endofexp_p_self_action_press: 0.04
  endofexp_self_rating_neg: 0.28072257450183113
  endofexp_self_rating_pos: 0.36380166662001767
  endofexp_self_rating_zero: 0.3554757588781512
