results:
  endofexp_other_rating_neg: 0.29954799909132857
  endofexp_other_rating_pos: 0.18622342242381298
  endofexp_other_rating_zero: 0.5142285784848585
  endofexp_p_self_action_press: 0.32
  endofexp_self_rating_neg: 0.9725105122376938
  endofexp_self_rating_pos: 0.00027422696225583895
  endofexp_self_rating_zero: 0.02721526080005042
