results:
  endofexp_other_rating_neg: 0.07764052736874362
  endofexp_other_rating_pos: 0.3864680281559619
  endofexp_other_rating_zero: 0.5358914444752945
  endofexp_p_self_action_press: 0.36
  endofexp_self_rating_neg: 0.9644405711669471
  endofexp_self_rating_pos: 0.00014152162820425332
  endofexp_self_rating_zero: 0.03541790720484857
