results:
  endofexp_other_rating_neg: 0.21187181491680787
  endofexp_other_rating_pos: 0.21402702080595967
  endofexp_other_rating_zero: 0.5741011642772325
  endofexp_p_self_action_press: 0.64
  endofexp_self_rating_neg: 0.00010920486431917888
  endofexp_self_rating_pos: 0.9717696245749464
  endofexp_self_rating_zero: 0.028121170560734456
