results:
  endofexp_other_rating_neg: 0.0004981447060091278
  endofexp_other_rating_pos: 0.9481876440582735
  endofexp_other_rating_zero: 0.051314211235717215
  endofexp_p_self_action_press: 0.08
  endofexp_self_rating_neg: 0.16564999542741046
  endofexp_self_rating_pos: 0.398859235069152
  endofexp_self_rating_zero: 0.4354907695034376
