results:
  endofexp_other_rating_neg: 0.2740027668389617
  endofexp_other_rating_pos: 0.220012617425602
  endofexp_other_rating_zero: 0.5059846157354363
  endofexp_p_self_action_press: 0.36
  endofexp_self_rating_neg: 0.9702577396264784
  endofexp_self_rating_pos: 0.0002849297112058257
  endofexp_self_rating_zero: 0.029457330662315814
