results:
  endofexp_other_rating_neg: 0.9493262265907755
  endofexp_other_rating_pos: 0.0004866333331349953
  endofexp_other_rating_zero: 0.0501871400760895
  endofexp_p_self_action_press: 0.08
  endofexp_self_rating_neg: 0.11813335402898126
  endofexp_self_rating_pos: 0.4573104971129662
  endofexp_self_rating_zero: 0.42455614885805254
