results:
  endofexp_other_rating_neg: 0.4134813265600651
  endofexp_other_rating_pos: 0.2581580509963161
  endofexp_other_rating_zero: 0.3283606224436187
  endofexp_p_self_action_press: 0.28
  endofexp_self_rating_neg: 0.991602519652647
  endofexp_self_rating_pos: 3.621289106898971e-05
  endofexp_self_rating_zero: 0.008361267456283794
