results:
  endofexp_other_rating_neg: 0.0008230434696622598
  endofexp_other_rating_pos: 0.9214199106201948
  endofexp_other_rating_zero: 0.07775704591014283
  endofexp_p_self_action_press: 0.08
  endofexp_self_rating_neg: 0.4736945908287547
  endofexp_self_rating_pos: 0.08254512830182249
  endofexp_self_rating_zero: 0.4437602808694228
