results:
  endofexp_other_rating_neg: 0.0003110354691272817
  endofexp_other_rating_pos: 0.9530331685027575
  endofexp_other_rating_zero: 0.04665579602811529
  endofexp_p_self_action_press: 0.88
  endofexp_self_rating_neg: 0.06197196398923955
  endofexp_self_rating_pos: 0.5675200857529434
  endofexp_self_rating_zero: 0.370507950257817
