results:
  endofexp_other_rating_neg: 0.968511706590026
  endofexp_other_rating_pos: 0.00017238059069592344
  endofexp_other_rating_zero: 0.03131591281927813
  endofexp_p_self_action_press: 0.12
  endofexp_self_rating_neg: 0.1423610237709779
  endofexp_self_rating_pos: 0.3905563509794385
  endofexp_self_rating_zero: 0.4670826252495836
