results:
  endofexp_other_rating_neg: 0.0005609205956588775
  endofexp_other_rating_pos: 0.9489022378796421
  endofexp_other_rating_zero: 0.05053684152469913
  endofexp_p_self_action_press: 0.04
  endofexp_self_rating_neg: 0.5607524479958674
  endofexp_self_rating_pos: 0.0815584126393236
  endofexp_self_rating_zero: 0.35768913936480895
