results:
  endofexp_other_rating_neg: 0.45844019198509345
  endofexp_other_rating_pos: 0.14104492535469312
  endofexp_other_rating_zero: 0.40051488266021346
  endofexp_p_self_action_press: 0.48
  endofexp_self_rating_neg: 0.3821748596458575
  endofexp_self_rating_pos: 0.2489667844968858
  endofexp_self_rating_zero: 0.3688583558572567
