results:
  endofexp_other_rating_neg: 0.8495470546367452
  endofexp_other_rating_pos: 0.0026962413036206202
  endofexp_other_rating_zero: 0.1477567040596342
  endofexp_p_self_action_press: 0.12
  endofexp_self_rating_neg: 0.29361513559049496
  endofexp_self_rating_pos: 0.09530747357744145
  endofexp_self_rating_zero: 0.6110773908320635
