results:
  endofexp_other_rating_neg: 0.2949521103728195
  endofexp_other_rating_pos: 0.3591287793869421
  endofexp_other_rating_zero: 0.3459191102402383
  endofexp_p_self_action_press: 0.44
  endofexp_self_rating_neg: 0.33172640879216625
  endofexp_self_rating_pos: 0.3150206530518693
  endofexp_self_rating_zero: 0.3532529381559644
