results:
  endofexp_other_rating_neg: 0.058913665318421266
  endofexp_other_rating_pos: 0.6764792445015758
  endofexp_other_rating_zero: 0.2646070901800029
  endofexp_p_self_action_press: 0.04
  endofexp_self_rating_neg: 0.41938139285281195
  endofexp_self_rating_pos: 0.22473497103636927
  endofexp_self_rating_zero: 0.3558836361108189
