results:
  endofexp_other_rating_neg: 0.00029356099735709454
  endofexp_other_rating_pos: 0.9540081075188108
  endofexp_other_rating_zero: 0.045698331483832164
  endofexp_p_self_action_press: 0.08
  endofexp_self_rating_neg: 0.244367700637288
  endofexp_self_rating_pos: 0.2770728400404432
  endofexp_self_rating_zero: 0.47855945932226873
