results:
  endofexp_other_rating_neg: 0.336006321023912
  endofexp_other_rating_pos: 0.2922430207308228
  endofexp_other_rating_zero: 0.3717506582452652
  endofexp_p_self_action_press: 0.28
  endofexp_self_rating_neg: 0.6712458392502687
  endofexp_self_rating_pos: 0.06676456065135593
  endofexp_self_rating_zero: 0.26198960009837546
