results:
  endofexp_other_rating_neg: 8.457580858586852e-05
  endofexp_other_rating_pos: 0.9651345119495595
  endofexp_other_rating_zero: 0.034780912241854554
  endofexp_p_self_action_press: 0.88
  endofexp_self_rating_neg: 0.11217840110124942
  endofexp_self_rating_pos: 0.39685924876045575
  endofexp_self_rating_zero: 0.4909623501382948
