results:
  endofexp_other_rating_neg: 0.10892053256044162
  endofexp_other_rating_pos: 0.4115697974373537
  endofexp_other_rating_zero: 0.47950967000220457
  endofexp_p_self_action_press: 0.28
  endofexp_self_rating_neg: 0.973392607656545
  endofexp_self_rating_pos: 0.00022545408658840877
  endofexp_self_rating_zero: 0.026381938256866494
