results:
  endofexp_other_rating_neg: 0.6282534462814183
  endofexp_other_rating_pos: 0.02756036158735163
  endofexp_other_rating_zero: 0.34418619213123014
  endofexp_p_self_action_press: 0.32
  endofexp_self_rating_neg: 0.9556336208926083
  endofexp_self_rating_pos: 0.0005953901584851198
  endofexp_self_rating_zero: 0.04377098894890659
