results:
  endofexp_other_rating_neg: 0.515841385061046
  endofexp_other_rating_pos: 0.14137037951286666
  endofexp_other_rating_zero: 0.34278823542608744
  endofexp_p_self_action_press: 0.44
  endofexp_self_rating_neg: 0.2207883264578644
  endofexp_self_rating_pos: 0.43586155334628535
  endofexp_self_rating_zero: 0.34335012019585026
