results:
  endofexp_other_rating_neg: 0.17735945292287564
  endofexp_other_rating_pos: 0.5655599631614701
  endofexp_other_rating_zero: 0.25708058391565436
  endofexp_p_self_action_press: 0.52
  endofexp_self_rating_neg: 0.3987624623745017
  endofexp_self_rating_pos: 0.32263371255133383
  endofexp_self_rating_zero: 0.2786038250741644
