results:
  endofexp_other_rating_neg: 0.01640049230094618
  endofexp_other_rating_pos: 0.8021800994576123
  endofexp_other_rating_zero: 0.18141940824144165
  endofexp_p_self_action_press: 0.08
  endofexp_self_rating_neg: 0.23506275791694423
  endofexp_self_rating_pos: 0.23417257585959958
  endofexp_self_rating_zero: 0.5307646662234562
