results:
  endofexp_other_rating_neg: 0.3084972619658239
  endofexp_other_rating_pos: 0.3464320377446533
  endofexp_other_rating_zero: 0.34507070028952275
  endofexp_p_self_action_press: 0.44
  endofexp_self_rating_neg: 0.2773785398128058
  endofexp_self_rating_pos: 0.36372976832066073
  endofexp_self_rating_zero: 0.3588916918665335
