results:
  endofexp_other_rating_neg: 0.2245476721565385
  endofexp_other_rating_pos: 0.40718625404595077
  endofexp_other_rating_zero: 0.3682660737975107
  endofexp_p_self_action_press: 0.48
  endofexp_self_rating_neg: 0.2821678635803232
  endofexp_self_rating_pos: 0.36847264937954094
  endofexp_self_rating_zero: 0.3493594870401358
