results:
  endofexp_other_rating_neg: 0.9657431157258174
  endofexp_other_rating_pos: 0.00020946664154931295
  endofexp_other_rating_zero: 0.034047417632633185
  endofexp_p_self_action_press: 0.12
  endofexp_self_rating_neg: 0.09396108828167647
  endofexp_self_rating_pos: 0.47111950064096925
  endofexp_self_rating_zero: 0.4349194110773543
