results:
  endofexp_other_rating_neg: 0.009450464209736279
  endofexp_other_rating_pos: 0.9100792387548576
  endofexp_other_rating_zero: 0.08047029703540612
  endofexp_p_self_action_press: 0.04
  endofexp_self_rating_neg: 0.3780342128628494
  endofexp_self_rating_pos: 0.2674884169869941
  endofexp_self_rating_zero: 0.35447737015015657
