results:
  endofexp_other_rating_neg: 0.00036601031234006744
  endofexp_other_rating_pos: 0.9476710715662766
  endofexp_other_rating_zero: 0.05196291812138316
  endofexp_p_self_action_press: 0.08
  endofexp_self_rating_neg: 0.530432015683425
  endofexp_self_rating_pos: 0.08523729851928147
  endofexp_self_rating_zero: 0.38433068579729346
