results:
  endofexp_other_rating_neg: 0.10437878063155084
  endofexp_other_rating_pos: 0.4145836668170892
  endofexp_other_rating_zero: 0.48103755255135994
  endofexp_p_self_action_press: 0.64
  endofexp_self_rating_neg: 0.00016372205105973366
  endofexp_self_rating_pos: 0.9764379581577542
  endofexp_self_rating_zero: 0.023398319791185944
