results:
  endofexp_other_rating_neg: 0.00031111483915824385
  endofexp_other_rating_pos: 0.9452345746272095
  endofexp_other_rating_zero: 0.05445431053363227
  endofexp_p_self_action_press: 0.04
  endofexp_self_rating_neg: 0.5968440620088767
  endofexp_self_rating_pos: 0.06102573312660134
  endofexp_self_rating_zero: 0.34213020486452195
