results:
  endofexp_other_rating_neg: 0.017771285420346814
  endofexp_other_rating_pos: 0.8013736450516155
  endofexp_other_rating_zero: 0.1808550695280378
  endofexp_p_self_action_press: 0.12
  endofexp_self_rating_neg: 0.019082956928821566
  endofexp_self_rating_pos: 0.614094641668819
  endofexp_self_rating_zero: 0.36682240140235955
