results:
  endofexp_other_rating_neg: 0.11451844937090641
  endofexp_other_rating_pos: 0.4100432943901665
  endofexp_other_rating_zero: 0.47543825623892694
  endofexp_p_self_action_press: 0.44
  endofexp_self_rating_neg: 0.35799767319377646
  endofexp_self_rating_pos: 0.14767985559638747
  endofexp_self_rating_zero: 0.4943224712098362
