results:
  endofexp_other_rating_neg: 0.9481647639941443
  endofexp_other_rating_pos: 0.0004206805853716357
  endofexp_other_rating_zero: 0.051414555420484065
  endofexp_p_self_action_press: 0.08
  endofexp_self_rating_neg: 0.5778848953162985
  endofexp_self_rating_pos: 0.058900684922211184
  endofexp_self_rating_zero: 0.3632144197614903
