results:
  endofexp_other_rating_neg: 0.15753452279042443
  endofexp_other_rating_pos: 0.33327290398590853
  endofexp_other_rating_zero: 0.5091925732236671
  endofexp_p_self_action_press: 0.6
  endofexp_self_rating_neg: 0.00026401167826535103
  endofexp_self_rating_pos: 0.9714751421465134
  endofexp_self_rating_zero: 0.02826084617522119
