results:
  endofexp_other_rating_neg: 0.4272712864681214
  endofexp_other_rating_pos: 0.10102127748254229
  endofexp_other_rating_zero: 0.4717074360493361
  endofexp_p_self_action_press: 0.52
  endofexp_self_rating_neg: 0.00042675920457825844
  endofexp_self_rating_pos: 0.9643086948230419
  endofexp_self_rating_zero: 0.035264545972379664
