results:
  endofexp_other_rating_neg: 0.2970113200609986
  endofexp_other_rating_pos: 0.3621678389236445
  endofexp_other_rating_zero: 0.340820841015357
  endofexp_p_self_action_press: 0.44
  endofexp_self_rating_neg: 0.3893486665031962
  endofexp_self_rating_pos: 0.24704168088794248
  endofexp_self_rating_zero: 0.36360965260886136
