results:
  endofexp_other_rating_neg: 0.23816855593625091
  endofexp_other_rating_pos: 0.28415587589176455
  endofexp_other_rating_zero: 0.47767556817198464
  endofexp_p_self_action_press: 0.64
  endofexp_self_rating_neg: 5.4222963212968455e-06
  endofexp_self_rating_pos: 0.9914842049495612
  endofexp_self_rating_zero: 0.00851037275411746
