results:
  endofexp_other_rating_neg: 0.00881181297565046
  endofexp_other_rating_pos: 0.9024586298112474
  endofexp_other_rating_zero: 0.08872955721310223
  endofexp_p_self_action_press: 0.08
  endofexp_self_rating_neg: 0.030247950981473103
  endofexp_self_rating_pos: 0.6856230821336657
  endofexp_self_rating_zero: 0.2841289668848611
