results:
  endofexp_other_rating_neg: 0.38292032435805207
  endofexp_other_rating_pos: 0.14592390625814233
  endofexp_other_rating_zero: 0.47115576938380554
  endofexp_p_self_action_press: 0.64
  endofexp_self_rating_neg: 8.104854686499824e-06
  endofexp_self_rating_pos: 0.9876556347856651
  endofexp_self_rating_zero: 0.012336260359648233
