results:
  endofexp_other_rating_neg: 0.05460266302237804
  endofexp_other_rating_pos: 0.5161837454467489
  endofexp_other_rating_zero: 0.429213591530873
  endofexp_p_self_action_press: 0.64
  endofexp_self_rating_neg: 0.0002233293703477874
  endofexp_self_rating_pos: 0.9729628549969096
  endofexp_self_rating_zero: 0.02681381563274264
