results:
  endofexp_other_rating_neg: 0.2086041043730657
  endofexp_other_rating_pos: 0.32915397492641935
  endofexp_other_rating_zero: 0.46224192070051495
  endofexp_p_self_action_press: 0.32
  endofexp_self_rating_neg: 0.9748858429083855
  endofexp_self_rating_pos: 0.0004223411230761335
  endofexp_self_rating_zero: 0.02469181596853854
