results:
  endofexp_other_rating_neg: 0.4130155287188533
  endofexp_other_rating_pos: 0.11337697835037691
  endofexp_other_rating_zero: 0.4736074929307698
  endofexp_p_self_action_press: 0.28
  endofexp_self_rating_neg: 0.9677642415488928
  endofexp_self_rating_pos: 0.0003811435003362502
  endofexp_self_rating_zero: 0.03185461495077079
