results:
  endofexp_other_rating_neg: 0.9444233233379424
  endofexp_other_rating_pos: 0.0006170515278980314
  endofexp_other_rating_zero: 0.05495962513415943
  endofexp_p_self_action_press: 0.08
  endofexp_self_rating_neg: 0.5601060846168554
  endofexp_self_rating_pos: 0.06619753336647345
  endofexp_self_rating_zero: 0.37369638201667116
