results:
  endofexp_other_rating_neg: 0.010084397506100466
  endofexp_other_rating_pos: 0.8931246087853463
  endofexp_other_rating_zero: 0.09679099370855321
  endofexp_p_self_action_press: 0.08
  endofexp_self_rating_neg: 0.22305006613009307
  endofexp_self_rating_pos: 0.36725671968741674
  endofexp_self_rating_zero: 0.40969321418249005
