results:
  endofexp_other_rating_neg: 0.2970856801065612
  endofexp_other_rating_pos: 0.10332703946982762
  endofexp_other_rating_zero: 0.5995872804236112
  endofexp_p_self_action_press: 0.28
  endofexp_self_rating_neg: 0.9555836862102715
  endofexp_self_rating_pos: 0.00018700328165546958
  endofexp_self_rating_zero: 0.04422931050807289
