results:
  endofexp_other_rating_neg: 0.0856304493695174
  endofexp_other_rating_pos: 0.47197592317973885
  endofexp_other_rating_zero: 0.4423936274507436
  endofexp_p_self_action_press: 0.56
  endofexp_self_rating_neg: 0.0004679069404061693
  endofexp_self_rating_pos: 0.9560443995838448
  endofexp_self_rating_zero: 0.043487693475749094
