results:
  endofexp_other_rating_neg: 0.0005406702849280155
  endofexp_other_rating_pos: 0.9477054186291889
  endofexp_other_rating_zero: 0.05175391108588304
  endofexp_p_self_action_press: 0.08
  endofexp_self_rating_neg: 0.5313002420213301
  endofexp_self_rating_pos: 0.079910973493832
  endofexp_self_rating_zero: 0.3887887844848379
