results:
  endofexp_other_rating_neg: 0.2330605458044194
  endofexp_other_rating_pos: 0.4023893556258973
  endofexp_other_rating_zero: 0.36455009856968335
  endofexp_p_self_action_press: 0.52
  endofexp_self_rating_neg: 0.09402166585217926
  endofexp_self_rating_pos: 0.5432667430719138
  endofexp_self_rating_zero: 0.36271159107590695
