results:
  endofexp_other_rating_neg: 0.0005442821225113897
  endofexp_other_rating_pos: 0.9842465701764213
  endofexp_other_rating_zero: 0.015209147701067346
  endofexp_p_self_action_press: 0.16
  endofexp_self_rating_neg: 0.4725364602529198
  endofexp_self_rating_pos: 0.2380398655267232
  endofexp_self_rating_zero: 0.2894236742203571
