results:
  endofexp_other_rating_neg: 0.7729776233486673
  endofexp_other_rating_pos: 0.014187190711167176
  endofexp_other_rating_zero: 0.2128351859401655
  endofexp_p_self_action_press: 0.08
  endofexp_self_rating_neg: 0.521099705315166
  endofexp_self_rating_pos: 0.022724982641869746
  endofexp_self_rating_zero: 0.4561753120429643
