results:
  endofexp_other_rating_neg: 0.059763214956271994
  endofexp_other_rating_pos: 0.6747620788753806
  endofexp_other_rating_zero: 0.2654747061683474
  endofexp_p_self_action_press: 0.04
  endofexp_self_rating_neg: 0.43477498553586136
  endofexp_self_rating_pos: 0.21077482971101993
  endofexp_self_rating_zero: 0.35445018475311885
