results:
  endofexp_other_rating_neg: 0.9468118907859628
  endofexp_other_rating_pos: 0.0004975542477837233
  endofexp_other_rating_zero: 0.052690554966253474
  endofexp_p_self_action_press: 0.08
  endofexp_self_rating_neg: 0.5071617517705306
  endofexp_self_rating_pos: 0.09181689803510698
  endofexp_self_rating_zero: 0.4010213501943625
