results:
  endofexp_other_rating_neg: 0.339639145833903
  endofexp_other_rating_pos: 0.3147288099907713
  endofexp_other_rating_zero: 0.3456320441753258
  endofexp_p_self_action_press: 0.44
  endofexp_self_rating_neg: 0.2232973045190636
  endofexp_self_rating_pos: 0.39336352843540767
  endofexp_self_rating_zero: 0.38333916704552873
