results:
  endofexp_other_rating_neg: 0.3078938532065235
  endofexp_other_rating_pos: 0.2971057763345205
  endofexp_other_rating_zero: 0.395000370458956
  endofexp_p_self_action_press: 0.52
  endofexp_self_rating_neg: 0.23742896614678577
  endofexp_self_rating_pos: 0.37189882304044164
  endofexp_self_rating_zero: 0.39067221081277254
