results:
  endofexp_other_rating_neg: 0.05890935818615536
  endofexp_other_rating_pos: 0.6767050259312098
  endofexp_other_rating_zero: 0.2643856158826348
  endofexp_p_self_action_press: 0.04
  endofexp_self_rating_neg: 0.4201297673444703
  endofexp_self_rating_pos: 0.22394055595841442
  endofexp_self_rating_zero: 0.3559296766971154
