results:
  endofexp_other_rating_neg: 0.942607425739086
  endofexp_other_rating_pos: 0.00046248323609330693
  endofexp_other_rating_zero: 0.056930091024820814
  endofexp_p_self_action_press: 0.08
  endofexp_self_rating_neg: 0.6501335372551693
  endofexp_self_rating_pos: 0.03431402144296893
  endofexp_self_rating_zero: 0.3155524413018617
