results:
  endofexp_other_rating_neg: 0.6982274999174269
  endofexp_other_rating_pos: 0.014458040991794792
  endofexp_other_rating_zero: 0.28731445909077824
  endofexp_p_self_action_press: 0.6
  endofexp_self_rating_neg: 0.0006195260198970837
  endofexp_self_rating_pos: 0.9527379915958953
  endofexp_self_rating_zero: 0.046642482384207436
