results:
  endofexp_other_rating_neg: 0.2228801594859085
  endofexp_other_rating_pos: 0.25622607099985534
  endofexp_other_rating_zero: 0.5208937695142362
  endofexp_p_self_action_press: 0.32
  endofexp_self_rating_neg: 0.9711142717970593
  endofexp_self_rating_pos: 0.0003259181299377332
  endofexp_self_rating_zero: 0.028559810073003046
