results:
  endofexp_other_rating_neg: 0.29830136050057987
  endofexp_other_rating_pos: 0.39460769579755617
  endofexp_other_rating_zero: 0.3070909437018639
  endofexp_p_self_action_press: 0.4
  endofexp_self_rating_neg: 0.5554872097563447
  endofexp_self_rating_pos: 0.15992028360619093
  endofexp_self_rating_zero: 0.2845925066374643
