results:
  endofexp_other_rating_neg: 0.26574995883435387
  endofexp_other_rating_pos: 0.38086508723500884
  endofexp_other_rating_zero: 0.35338495393063724
  endofexp_p_self_action_press: 0.6
  endofexp_self_rating_neg: 8.042847328063071e-06
  endofexp_self_rating_pos: 0.9934061800627162
  endofexp_self_rating_zero: 0.00658577708995572
