results:
  endofexp_other_rating_neg: 0.5452576621419514
  endofexp_other_rating_pos: 0.051583171814299486
  endofexp_other_rating_zero: 0.403159166043749
  endofexp_p_self_action_press: 0.28
  endofexp_self_rating_neg: 0.9744780153135092
  endofexp_self_rating_pos: 0.00016240410721581728
  endofexp_self_rating_zero: 0.025359580579274992
