results:
  endofexp_other_rating_neg: 0.400062565001695
  endofexp_other_rating_pos: 0.24898485984960073
  endofexp_other_rating_zero: 0.35095257514870415
  endofexp_p_self_action_press: 0.32
  endofexp_self_rating_neg: 0.9955929202632423
  endofexp_self_rating_pos: 4.598066235466527e-06
  endofexp_self_rating_zero: 0.004402481670522122
