results:
  endofexp_other_rating_neg: 0.00025942011405914766
  endofexp_other_rating_pos: 0.9619919985456697
  endofexp_other_rating_zero: 0.03774858134027109
  endofexp_p_self_action_press: 0.92
  endofexp_self_rating_neg: 0.031204836175624643
  endofexp_self_rating_pos: 0.6928596217542378
  endofexp_self_rating_zero: 0.2759355420701377
