results:
  endofexp_other_rating_neg: 0.32059341206719205
  endofexp_other_rating_pos: 0.24514871074880207
  endofexp_other_rating_zero: 0.4342578771840059
  endofexp_p_self_action_press: 0.48
  endofexp_self_rating_neg: 0.04186947223443509
  endofexp_self_rating_pos: 0.7498348638513542
  endofexp_self_rating_zero: 0.2082956639142108
