results:
  endofexp_other_rating_neg: 0.4454337680130062
  endofexp_other_rating_pos: 0.08723040296604571
  endofexp_other_rating_zero: 0.46733582902094795
  endofexp_p_self_action_press: 0.32
  endofexp_self_rating_neg: 0.9749886885368911
  endofexp_self_rating_pos: 0.00021391740244445378
  endofexp_self_rating_zero: 0.024797394060664328
