results:
  endofexp_other_rating_neg: 0.24916459024881077
  endofexp_other_rating_pos: 0.047784042406464396
  endofexp_other_rating_zero: 0.7030513673447248
  endofexp_p_self_action_press: 0.52
  endofexp_self_rating_neg: 9.682052977514081e-05
  endofexp_self_rating_pos: 0.9913811772328323
  endofexp_self_rating_zero: 0.008522002237392665
