results:
  endofexp_other_rating_neg: 0.007148971904423703
  endofexp_other_rating_pos: 0.9275180593179637
  endofexp_other_rating_zero: 0.06533296877761259
  endofexp_p_self_action_press: 0.08
  endofexp_self_rating_neg: 0.018878228802922302
  endofexp_self_rating_pos: 0.7631167781114305
  endofexp_self_rating_zero: 0.21800499308564733
