results:
  endofexp_other_rating_neg: 0.9449695514199342
  endofexp_other_rating_pos: 0.00044053772684833745
  endofexp_other_rating_zero: 0.05458991085321734
  endofexp_p_self_action_press: 0.04
  endofexp_self_rating_neg: 0.5947240158732433
  endofexp_self_rating_pos: 0.060321829909417306
  endofexp_self_rating_zero: 0.3449541542173394
