results:
  endofexp_other_rating_neg: 0.017696994435585946
  endofexp_other_rating_pos: 0.8022763479248275
  endofexp_other_rating_zero: 0.1800266576395866
  endofexp_p_self_action_press: 0.08
  endofexp_self_rating_neg: 0.4771574576728129
  endofexp_self_rating_pos: 0.049165913953705426
  endofexp_self_rating_zero: 0.4736766283734816
