results:
  endofexp_other_rating_neg: 0.43575073721029706
  endofexp_other_rating_pos: 0.21840075344671697
  endofexp_other_rating_zero: 0.3458485093429859
  endofexp_p_self_action_press: 0.64
  endofexp_self_rating_neg: 6.769462603571787e-06
  endofexp_self_rating_pos: 0.9942276714808295
  endofexp_self_rating_zero: 0.005765559056566942
