results:
  endofexp_other_rating_neg: 0.15724571496915282
  endofexp_other_rating_pos: 0.5119159842467366
  endofexp_other_rating_zero: 0.33083830078411064
  endofexp_p_self_action_press: 0.44
  endofexp_self_rating_neg: 0.4196002418627576
  endofexp_self_rating_pos: 0.21983622129050656
  endofexp_self_rating_zero: 0.36056353684673587
