results:
  endofexp_other_rating_neg: 0.45286288658416346
  endofexp_other_rating_pos: 0.0874943308775492
  endofexp_other_rating_zero: 0.4596427825382873
  endofexp_p_self_action_press: 0.68
  endofexp_self_rating_neg: 0.00036681996685258654
  endofexp_self_rating_pos: 0.9691581407396318
  endofexp_self_rating_zero: 0.03047503929351558
