results:
  endofexp_other_rating_neg: 0.2751381562947522
  endofexp_other_rating_pos: 0.3350541979833532
  endofexp_other_rating_zero: 0.38980764572189464
  endofexp_p_self_action_press: 0.44
  endofexp_self_rating_neg: 0.5538607176114714
  endofexp_self_rating_pos: 0.1077588810508105
  endofexp_self_rating_zero: 0.3383804013377181
