results:
  endofexp_other_rating_neg: 0.26218066642811555
  endofexp_other_rating_pos: 0.4029285791863936
  endofexp_other_rating_zero: 0.3348907543854909
  endofexp_p_self_action_press: 0.56
  endofexp_self_rating_neg: 0.28806700597743423
  endofexp_self_rating_pos: 0.3781506760364139
  endofexp_self_rating_zero: 0.3337823179861519
