results:
  endofexp_other_rating_neg: 0.454633373632049
  endofexp_other_rating_pos: 0.09534838991227033
  endofexp_other_rating_zero: 0.4500182364556806
  endofexp_p_self_action_press: 0.6
  endofexp_self_rating_neg: 7.6921829004697e-06
  endofexp_self_rating_pos: 0.9881116670124706
  endofexp_self_rating_zero: 0.01188064080462895
