results:
  endofexp_other_rating_neg: 0.29856666568426443
  endofexp_other_rating_pos: 0.35727417965713165
  endofexp_other_rating_zero: 0.3441591546586039
  endofexp_p_self_action_press: 0.4
  endofexp_self_rating_neg: 0.5475005281192985
  endofexp_self_rating_pos: 0.14376753135690118
  endofexp_self_rating_zero: 0.3087319405238004
