results:
  endofexp_other_rating_neg: 0.9482505637278236
  endofexp_other_rating_pos: 0.00037957096175241016
  endofexp_other_rating_zero: 0.0513698653104241
  endofexp_p_self_action_press: 0.08
  endofexp_self_rating_neg: 0.5470434554713314
  endofexp_self_rating_pos: 0.07532635328395142
  endofexp_self_rating_zero: 0.37763019124471736
