results:
  endofexp_other_rating_neg: 0.9605103754268438
  endofexp_other_rating_pos: 0.0002839931532293281
  endofexp_other_rating_zero: 0.03920563141992682
  endofexp_p_self_action_press: 0.08
  endofexp_self_rating_neg: 0.3025856412180213
  endofexp_self_rating_pos: 0.22583705853537672
  endofexp_self_rating_zero: 0.47157730024660205
