results:
  endofexp_other_rating_neg: 0.0004911922181292461
  endofexp_other_rating_pos: 0.9448380205201643
  endofexp_other_rating_zero: 0.05467078726170648
  endofexp_p_self_action_press: 0.04
  endofexp_self_rating_neg: 0.5989976633185929
  endofexp_self_rating_pos: 0.05433516768069285
  endofexp_self_rating_zero: 0.3466671690007142
