results:
  endofexp_other_rating_neg: 0.0004659421745663937
  endofexp_other_rating_pos: 0.9422036163796895
  endofexp_other_rating_zero: 0.057330441445744076
  endofexp_p_self_action_press: 0.04
  endofexp_self_rating_neg: 0.6020214442190754
  endofexp_self_rating_pos: 0.05357898102660118
  endofexp_self_rating_zero: 0.3443995747543234
