results:
  endofexp_other_rating_neg: 0.5621712555176377
  endofexp_other_rating_pos: 0.11965407082964974
  endofexp_other_rating_zero: 0.3181746736527125
  endofexp_p_self_action_press: 0.36
  endofexp_self_rating_neg: 0.19756848217102574
  endofexp_self_rating_pos: 0.43860159224432343
  endofexp_self_rating_zero: 0.3638299255846507
