results:
  endofexp_other_rating_neg: 0.9273364985177964
  endofexp_other_rating_pos: 0.00096290450085482
  endofexp_other_rating_zero: 0.07170059698134863
  endofexp_p_self_action_press: 0.08
  endofexp_self_rating_neg: 0.6745525123994637
  endofexp_self_rating_pos: 0.0278527650032505
  endofexp_self_rating_zero: 0.29759472259728575
