results:
  endofexp_other_rating_neg: 0.30498867327905405
  endofexp_other_rating_pos: 0.32518725734334003
  endofexp_other_rating_zero: 0.3698240693776058
  endofexp_p_self_action_press: 0.12
  endofexp_self_rating_neg: 0.6624594783518694
  endofexp_self_rating_pos: 0.07154943597676781
  endofexp_self_rating_zero: 0.265991085671363
