results:
  endofexp_other_rating_neg: 0.3021340916545331
  endofexp_other_rating_pos: 0.1739602130051123
  endofexp_other_rating_zero: 0.5239056953403547
  endofexp_p_self_action_press: 0.64
  endofexp_self_rating_neg: 0.00017705166362616607
  endofexp_self_rating_pos: 0.978823099494553
  endofexp_self_rating_zero: 0.020999848841820726
