results:
  endofexp_other_rating_neg: 0.40788331666761846
  endofexp_other_rating_pos: 0.14881812132749792
  endofexp_other_rating_zero: 0.44329856200488366
  endofexp_p_self_action_press: 0.44
  endofexp_self_rating_neg: 8.35581062594844e-06
  endofexp_self_rating_pos: 0.9886248279514694
  endofexp_self_rating_zero: 0.011366816237904578
