results:
  endofexp_other_rating_neg: 0.4850645648562573
  endofexp_other_rating_pos: 0.07214634738593238
  endofexp_other_rating_zero: 0.44278908775781023
  endofexp_p_self_action_press: 0.6
  endofexp_self_rating_neg: 2.8230586434066566e-05
  endofexp_self_rating_pos: 0.9800979222199919
  endofexp_self_rating_zero: 0.01987384719357406
