results:
  endofexp_other_rating_neg: 0.006448605774882786
  endofexp_other_rating_pos: 0.9266845616418055
  endofexp_other_rating_zero: 0.06686683258331179
  endofexp_p_self_action_press: 0.08
  endofexp_self_rating_neg: 0.013715438539468773
  endofexp_self_rating_pos: 0.7898769367445182
  endofexp_self_rating_zero: 0.1964076247160131
