results:
  endofexp_other_rating_neg: 0.2869387657063476
  endofexp_other_rating_pos: 0.19671941971758297
  endofexp_other_rating_zero: 0.5163418145760695
  endofexp_p_self_action_press: 0.36
  endofexp_self_rating_neg: 0.9720237124112476
  endofexp_self_rating_pos: 0.00026262246924649513
  endofexp_self_rating_zero: 0.0277136651195059
