results:
  endofexp_other_rating_neg: 0.0703866647857034
  endofexp_other_rating_pos: 0.5140886437216975
  endofexp_other_rating_zero: 0.4155246914925991
  endofexp_p_self_action_press: 0.36
  endofexp_self_rating_neg: 0.9750403651381994
  endofexp_self_rating_pos: 0.0002086282430689932
  endofexp_self_rating_zero: 0.024751006618731763
