results:
  endofexp_other_rating_neg: 0.08291709575110323
  endofexp_other_rating_pos: 0.3695051472897185
  endofexp_other_rating_zero: 0.5475777569591782
  endofexp_p_self_action_press: 0.32
  endofexp_self_rating_neg: 0.9568590585117469
  endofexp_self_rating_pos: 0.0002445722074218404
  endofexp_self_rating_zero: 0.04289636928083107
