results:
  endofexp_other_rating_neg: 0.39048320559151933
  endofexp_other_rating_pos: 0.11945120710168214
  endofexp_other_rating_zero: 0.4900655873067985
  endofexp_p_self_action_press: 0.64
  endofexp_self_rating_neg: 0.00018488821991792208
  endofexp_self_rating_pos: 0.9750817752671914
  endofexp_self_rating_zero: 0.024733336512890614
