results:
  endofexp_other_rating_neg: 0.4000188861385304
  endofexp_other_rating_pos: 0.07292398568957517
  endofexp_other_rating_zero: 0.5270571281718944
  endofexp_p_self_action_press: 0.64
  endofexp_self_rating_neg: 0.00015613123925018919
  endofexp_self_rating_pos: 0.9702625578311775
  endofexp_self_rating_zero: 0.02958131092957233
