results:
  endofexp_other_rating_neg: 0.5030566953011797
  endofexp_other_rating_pos: 0.08005765565265668
  endofexp_other_rating_zero: 0.4168856490461637
  endofexp_p_self_action_press: 0.68
  endofexp_self_rating_neg: 2.264476969895482e-05
  endofexp_self_rating_pos: 0.9814296826788241
  endofexp_self_rating_zero: 0.018547672551476983
