results:
  endofexp_other_rating_neg: 0.0003344013327020934
  endofexp_other_rating_pos: 0.9585824247228005
  endofexp_other_rating_zero: 0.04108317394449732
  endofexp_p_self_action_press: 0.08
  endofexp_self_rating_neg: 0.37279571405240725
  endofexp_self_rating_pos: 0.17130209260796903
  endofexp_self_rating_zero: 0.4559021933396237
