results:
  endofexp_other_rating_neg: 0.0006941409130988552
  endofexp_other_rating_pos: 0.9421393225933654
  endofexp_other_rating_zero: 0.05716653649353568
  endofexp_p_self_action_press: 0.04
  endofexp_self_rating_neg: 0.3801931894635918
  endofexp_self_rating_pos: 0.17893361085404175
  endofexp_self_rating_zero: 0.4408731996823665
