results:
  endofexp_other_rating_neg: 0.7932997564834638
  endofexp_other_rating_pos: 0.019241862763849496
  endofexp_other_rating_zero: 0.18745838075268662
  endofexp_p_self_action_press: 0.88
  endofexp_self_rating_neg: 0.007447612044787041
  endofexp_self_rating_pos: 0.7084507955421239
  endofexp_self_rating_zero: 0.28410159241308897
