results:
  endofexp_other_rating_neg: 0.405245720713553
  endofexp_other_rating_pos: 0.11284457639241309
  endofexp_other_rating_zero: 0.4819097028940339
  endofexp_p_self_action_press: 0.28
  endofexp_self_rating_neg: 0.971610408322379
  endofexp_self_rating_pos: 0.00030070259702383843
  endofexp_self_rating_zero: 0.02808888908059699
