results:
  endofexp_other_rating_neg: 0.3540754981991862
  endofexp_other_rating_pos: 0.29168759484820733
  endofexp_other_rating_zero: 0.3542369069526065
  endofexp_p_self_action_press: 0.36
  endofexp_self_rating_neg: 0.9926743145432041
  endofexp_self_rating_pos: 1.3720097115155377e-05
  endofexp_self_rating_zero: 0.00731196535968055
