results:
  endofexp_other_rating_neg: 0.8165340185063834
  endofexp_other_rating_pos: 0.005404641931270658
  endofexp_other_rating_zero: 0.17806133956234604
  endofexp_p_self_action_press: 0.08
  endofexp_self_rating_neg: 0.3540040158509296
  endofexp_self_rating_pos: 0.05799955952991195
  endofexp_self_rating_zero: 0.5879964246191585
