results:
  endofexp_other_rating_neg: 0.3574208270803324
  endofexp_other_rating_pos: 0.14441629041666515
  endofexp_other_rating_zero: 0.49816288250300234
  endofexp_p_self_action_press: 0.32
  endofexp_self_rating_neg: 0.9706621559777765
  endofexp_self_rating_pos: 0.0003132394270190214
  endofexp_self_rating_zero: 0.029024604595204506
