results:
  endofexp_other_rating_neg: 0.9130145064241434
  endofexp_other_rating_pos: 0.0003649280340090171
  endofexp_other_rating_zero: 0.08662056554184762
  endofexp_p_self_action_press: 0.08
  endofexp_self_rating_neg: 0.18098746404401692
  endofexp_self_rating_pos: 0.2243862423088928
  endofexp_self_rating_zero: 0.5946262936470903
