results:
  endofexp_other_rating_neg: 0.26967543832044427
  endofexp_other_rating_pos: 0.3104191933699556
  endofexp_other_rating_zero: 0.4199053683096001
  endofexp_p_self_action_press: 0.48
  endofexp_self_rating_neg: 0.2987541503663809
  endofexp_self_rating_pos: 0.26967062639574374
  endofexp_self_rating_zero: 0.4315752232378752
