results:
  endofexp_other_rating_neg: 0.3905286448793434
  endofexp_other_rating_pos: 0.24050851875192586
  endofexp_other_rating_zero: 0.36896283636873084
  endofexp_p_self_action_press: 0.48
  endofexp_self_rating_neg: 0.05476653146087517
  endofexp_self_rating_pos: 0.6594478074231375
  endofexp_self_rating_zero: 0.28578566111598735
