results:
  endofexp_other_rating_neg: 0.3875900590046121
  endofexp_other_rating_pos: 0.26135415014861785
  endofexp_other_rating_zero: 0.35105579084676997
  endofexp_p_self_action_press: 0.32
  endofexp_self_rating_neg: 0.9934072176506076
  endofexp_self_rating_pos: 9.346155525492075e-06
  endofexp_self_rating_zero: 0.006583436193866936
