results:
  endofexp_other_rating_neg: 0.9574871761277898
  endofexp_other_rating_pos: 0.0003454884614653748
  endofexp_other_rating_zero: 0.04216733541074475
  endofexp_p_self_action_press: 0.08
  endofexp_self_rating_neg: 0.4043328713842426
  endofexp_self_rating_pos: 0.14524891049733824
  endofexp_self_rating_zero: 0.45041821811841914
