results:
  endofexp_other_rating_neg: 0.341465091869224
  endofexp_other_rating_pos: 0.17230969842821567
  endofexp_other_rating_zero: 0.48622520970256017
  endofexp_p_self_action_press: 0.4
  endofexp_self_rating_neg: 0.975300132997905
  endofexp_self_rating_pos: 0.000248178823390231
  endofexp_self_rating_zero: 0.02445168817870467
