results:
  endofexp_other_rating_neg: 0.44032964086206167
  endofexp_other_rating_pos: 0.11246846936833373
  endofexp_other_rating_zero: 0.4472018897696046
  endofexp_p_self_action_press: 0.4
  endofexp_self_rating_neg: 0.9778291067452506
  endofexp_self_rating_pos: 0.00020485766448665485
  endofexp_self_rating_zero: 0.021966035590262622
