results:
  endofexp_other_rating_neg: 0.2768346920472944
  endofexp_other_rating_pos: 0.24493306161032416
  endofexp_other_rating_zero: 0.47823224634238154
  endofexp_p_self_action_press: 0.6
  endofexp_self_rating_neg: 1.317114543203298e-05
  endofexp_self_rating_pos: 0.987269353301779
  endofexp_self_rating_zero: 0.012717475552789065
