results:
  endofexp_other_rating_neg: 0.5946490872793401
  endofexp_other_rating_pos: 0.11028262637087814
  endofexp_other_rating_zero: 0.2950682863497819
  endofexp_p_self_action_press: 0.04
  endofexp_self_rating_neg: 0.2744884219798889
  endofexp_self_rating_pos: 0.37090311030169265
  endofexp_self_rating_zero: 0.35460846771841853
