results:
  endofexp_other_rating_neg: 0.00032043134231868884
  endofexp_other_rating_pos: 0.9578057369375353
  endofexp_other_rating_zero: 0.041873831720145964
  endofexp_p_self_action_press: 0.08
  endofexp_self_rating_neg: 0.1607810503933417
  endofexp_self_rating_pos: 0.3714189617775644
  endofexp_self_rating_zero: 0.46779998782909393
