results:
  endofexp_other_rating_neg: 0.38584255390364497
  endofexp_other_rating_pos: 0.15793716947491968
  endofexp_other_rating_zero: 0.45622027662143533
  endofexp_p_self_action_press: 0.64
  endofexp_self_rating_neg: 7.752688014367154e-06
  endofexp_self_rating_pos: 0.9898847831739153
  endofexp_self_rating_zero: 0.010107464138070274
