results:
  endofexp_other_rating_neg: 0.20148109422085714
  endofexp_other_rating_pos: 0.4497875286665785
  endofexp_other_rating_zero: 0.34873137711256424
  endofexp_p_self_action_press: 0.56
  endofexp_self_rating_neg: 0.5078106498128373
  endofexp_self_rating_pos: 0.17752268650017977
  endofexp_self_rating_zero: 0.31466666368698293
