results:
  endofexp_other_rating_neg: 0.9461302423099963
  endofexp_other_rating_pos: 0.0005453300388559714
  endofexp_other_rating_zero: 0.053324427651147664
  endofexp_p_self_action_press: 0.08
  endofexp_self_rating_neg: 0.5161311775595695
  endofexp_self_rating_pos: 0.089454182286829
  endofexp_self_rating_zero: 0.39441464015360156
