results:
  endofexp_other_rating_neg: 0.26703796737660807
  endofexp_other_rating_pos: 0.22262710308415726
  endofexp_other_rating_zero: 0.5103349295392346
  endofexp_p_self_action_press: 0.28
  endofexp_self_rating_neg: 0.9688125786343392
  endofexp_self_rating_pos: 0.0002675096545069861
  endofexp_self_rating_zero: 0.030919911711153845
