results:
  endofexp_other_rating_neg: 0.35916354363682085
  endofexp_other_rating_pos: 0.2870604349139459
  endofexp_other_rating_zero: 0.3537760214492333
  endofexp_p_self_action_press: 0.64
  endofexp_self_rating_neg: 5.125964078544318e-06
  endofexp_self_rating_pos: 0.9950186473674426
  endofexp_self_rating_zero: 0.004976226668478749
