results:
  endofexp_other_rating_neg: 0.9535400120936612
  endofexp_other_rating_pos: 0.0004856264772934597
  endofexp_other_rating_zero: 0.04597436142904542
  endofexp_p_self_action_press: 0.08
  endofexp_self_rating_neg: 0.3076621218873274
  endofexp_self_rating_pos: 0.22808631729741752
  endofexp_self_rating_zero: 0.4642515608152551
