results:
  endofexp_other_rating_neg: 0.2451728789400557
  endofexp_other_rating_pos: 0.29463460496045757
  endofexp_other_rating_zero: 0.4601925160994868
  endofexp_p_self_action_press: 0.56
  endofexp_self_rating_neg: 2.66608621269817e-05
  endofexp_self_rating_pos: 0.9837131482467885
  endofexp_self_rating_zero: 0.016260190891084512
