results:
  endofexp_other_rating_neg: 0.0003518230467088601
  endofexp_other_rating_pos: 0.9514765963673109
  endofexp_other_rating_zero: 0.04817158058598033
  endofexp_p_self_action_press: 0.88
  endofexp_self_rating_neg: 0.050238795319358306
  endofexp_self_rating_pos: 0.5894282980600197
  endofexp_self_rating_zero: 0.3603329066206219
