results:
  endofexp_other_rating_neg: 0.0003486172323362812
  endofexp_other_rating_pos: 0.9566287614967794
  endofexp_other_rating_zero: 0.043022621270884305
  endofexp_p_self_action_press: 0.08
  endofexp_self_rating_neg: 0.3156561664796045
  endofexp_self_rating_pos: 0.21837101519590352
  endofexp_self_rating_zero: 0.46597281832449194
