results:
  endofexp_other_rating_neg: 0.00029339818256513786
  endofexp_other_rating_pos: 0.962551514812178
  endofexp_other_rating_zero: 0.03715508700525668
  endofexp_p_self_action_press: 0.12
  endofexp_self_rating_neg: 0.07348682317632452
  endofexp_self_rating_pos: 0.5096912271505338
  endofexp_self_rating_zero: 0.4168219496731417
