results:
  endofexp_other_rating_neg: 0.3409722081857685
  endofexp_other_rating_pos: 0.18250152561932073
  endofexp_other_rating_zero: 0.47652626619491073
  endofexp_p_self_action_press: 0.32
  endofexp_self_rating_neg: 0.9732981524292423
  endofexp_self_rating_pos: 0.00035370875755460406
  endofexp_self_rating_zero: 0.026348138813202922
