results:
  endofexp_other_rating_neg: 0.18964882033445757
  endofexp_other_rating_pos: 0.29751086415504946
  endofexp_other_rating_zero: 0.512840315510493
  endofexp_p_self_action_press: 0.4
  endofexp_self_rating_neg: 0.9754884424357082
  endofexp_self_rating_pos: 0.00023567280767078168
  endofexp_self_rating_zero: 0.024275884756620958
