results:
  endofexp_other_rating_neg: 0.10055347108069301
  endofexp_other_rating_pos: 0.32451269114676434
  endofexp_other_rating_zero: 0.5749338377725426
  endofexp_p_self_action_press: 0.28
  endofexp_self_rating_neg: 0.9614909538735434
  endofexp_self_rating_pos: 0.00015542311640889686
  endofexp_self_rating_zero: 0.03835362301004765
