results:
  endofexp_other_rating_neg: 0.2934132169925818
  endofexp_other_rating_pos: 0.3618019430149192
  endofexp_other_rating_zero: 0.344784839992499
  endofexp_p_self_action_press: 0.44
  endofexp_self_rating_neg: 0.2246535732328311
  endofexp_self_rating_pos: 0.4197334143812292
  endofexp_self_rating_zero: 0.35561301238593984
