results:
  endofexp_other_rating_neg: 0.2747406493374848
  endofexp_other_rating_pos: 0.20418513274220512
  endofexp_other_rating_zero: 0.5210742179203101
  endofexp_p_self_action_press: 0.6
  endofexp_self_rating_neg: 0.00018875519879936773
  endofexp_self_rating_pos: 0.9752583136231776
  endofexp_self_rating_zero: 0.02455293117802287
