results:
  endofexp_other_rating_neg: 0.9402310855769435
  endofexp_other_rating_pos: 0.0008800162304411657
  endofexp_other_rating_zero: 0.0588888981926153
  endofexp_p_self_action_press: 0.08
  endofexp_self_rating_neg: 0.2024121068143694
  endofexp_self_rating_pos: 0.3412448922514985
  endofexp_self_rating_zero: 0.45634300093413205
