results:
  endofexp_other_rating_neg: 0.2802720358886443
  endofexp_other_rating_pos: 0.34910006326397924
  endofexp_other_rating_zero: 0.37062790084737646
  endofexp_p_self_action_press: 0.44
  endofexp_self_rating_neg: 0.2818343061333973
  endofexp_self_rating_pos: 0.3241690203063843
  endofexp_self_rating_zero: 0.3939966735602184
