results:
  endofexp_other_rating_neg: 0.16805822075782378
  endofexp_other_rating_pos: 0.3238529604751689
  endofexp_other_rating_zero: 0.5080888187670072
  endofexp_p_self_action_press: 0.32
  endofexp_self_rating_neg: 0.971160972958002
  endofexp_self_rating_pos: 0.00028787400357648034
  endofexp_self_rating_zero: 0.028551153038421512
