results:
  endofexp_other_rating_neg: 0.3815135645558568
  endofexp_other_rating_pos: 0.24663709271366308
  endofexp_other_rating_zero: 0.37184934273048015
  endofexp_p_self_action_press: 0.64
  endofexp_self_rating_neg: 0.12402722093917024
  endofexp_self_rating_pos: 0.5406697172646577
  endofexp_self_rating_zero: 0.33530306179617214
