results:
  endofexp_other_rating_neg: 0.9741852343049164
  endofexp_other_rating_pos: 0.00036666075604435396
  endofexp_other_rating_zero: 0.0254481049390392
  endofexp_p_self_action_press: 0.08
  endofexp_self_rating_neg: 0.1172679611195741
  endofexp_self_rating_pos: 0.556302987037818
  endofexp_self_rating_zero: 0.3264290518426079
