results:
  endofexp_other_rating_neg: 0.08128540047860996
  endofexp_other_rating_pos: 0.42701549101909714
  endofexp_other_rating_zero: 0.49169910850229287
  endofexp_p_self_action_press: 0.56
  endofexp_self_rating_neg: 0.00024047091426407876
  endofexp_self_rating_pos: 0.9686875401205669
  endofexp_self_rating_zero: 0.031071988965168926
