results:
  endofexp_other_rating_neg: 0.5202729074528308
  endofexp_other_rating_pos: 0.020683827632544692
  endofexp_other_rating_zero: 0.45904326491462455
  endofexp_p_self_action_press: 0.28
  endofexp_self_rating_neg: 0.9365191287544667
  endofexp_self_rating_pos: 0.0003303996968120274
  endofexp_self_rating_zero: 0.06315047154872128
