results:
  endofexp_other_rating_neg: 0.28773233155571626
  endofexp_other_rating_pos: 0.3637366376155703
  endofexp_other_rating_zero: 0.3485310308287135
  endofexp_p_self_action_press: 0.48
  endofexp_self_rating_neg: 0.30017792721154324
  endofexp_self_rating_pos: 0.30590172660698534
  endofexp_self_rating_zero: 0.3939203461814714
