results:
  endofexp_other_rating_neg: 0.36871930949017867
  endofexp_other_rating_pos: 0.28995220007761946
  endofexp_other_rating_zero: 0.3413284904322018
  endofexp_p_self_action_press: 0.48
  endofexp_self_rating_neg: 0.288619290951954
  endofexp_self_rating_pos: 0.34447898894729606
  endofexp_self_rating_zero: 0.36690172010074995
