results:
  endofexp_other_rating_neg: 0.101079868159561
  endofexp_other_rating_pos: 0.42753476526907813
  endofexp_other_rating_zero: 0.4713853665713609
  endofexp_p_self_action_press: 0.68
  endofexp_self_rating_neg: 0.0002034031263849786
  endofexp_self_rating_pos: 0.9692679268887295
  endofexp_self_rating_zero: 0.030528669984885456
