results:
  endofexp_other_rating_neg: 0.2115350895257446
  endofexp_other_rating_pos: 0.439286783901097
  endofexp_other_rating_zero: 0.3491781265731583
  endofexp_p_self_action_press: 0.44
  endofexp_self_rating_neg: 0.3525462991810457
  endofexp_self_rating_pos: 0.27453688324810216
  endofexp_self_rating_zero: 0.37291681757085215
