results:
  endofexp_other_rating_neg: 0.2977586629215466
  endofexp_other_rating_pos: 0.35085896348113177
  endofexp_other_rating_zero: 0.3513823735973216
  endofexp_p_self_action_press: 0.52
  endofexp_self_rating_neg: 0.9878766286427576
  endofexp_self_rating_pos: 2.2948207944229782e-05
  endofexp_self_rating_zero: 0.01210042314929817
