results:
  endofexp_other_rating_neg: 0.20997252445829603
  endofexp_other_rating_pos: 0.4510097829667227
  endofexp_other_rating_zero: 0.3390176925749812
  endofexp_p_self_action_press: 0.56
  endofexp_self_rating_neg: 0.27659774452762664
  endofexp_self_rating_pos: 0.3699589048321455
  endofexp_self_rating_zero: 0.3534433506402278
