results:
  endofexp_other_rating_neg: 0.1348545067417565
  endofexp_other_rating_pos: 0.08222628723312125
  endofexp_other_rating_zero: 0.7829192060251223
  endofexp_p_self_action_press: 0.52
  endofexp_self_rating_neg: 7.571701767230247e-05
  endofexp_self_rating_pos: 0.9924780557194764
  endofexp_self_rating_zero: 0.00744622726285122
