results:
  endofexp_other_rating_neg: 0.06989716754658755
  endofexp_other_rating_pos: 0.17221424332646643
  endofexp_other_rating_zero: 0.757888589126946
  endofexp_p_self_action_press: 0.4
  endofexp_self_rating_neg: 0.9913963208882283
  endofexp_self_rating_pos: 9.423267988160753e-05
  endofexp_self_rating_zero: 0.008509446431890211
