results:
  endofexp_other_rating_neg: 0.18197534189264394
  endofexp_other_rating_pos: 0.3999560627037312
  endofexp_other_rating_zero: 0.418068595403625
  endofexp_p_self_action_press: 0.52
  endofexp_self_rating_neg: 0.06237877804261281
  endofexp_self_rating_pos: 0.6553711467636129
  endofexp_self_rating_zero: 0.28225007519377415
