results:
  endofexp_other_rating_neg: 0.019806720078530758
  endofexp_other_rating_pos: 0.7918029341205963
  endofexp_other_rating_zero: 0.18839034580087305
  endofexp_p_self_action_press: 0.08
  endofexp_self_rating_neg: 0.6135212081277251
  endofexp_self_rating_pos: 0.027348484816805622
  endofexp_self_rating_zero: 0.3591303070554692
