results:
  endofexp_other_rating_neg: 0.4138876244791208
  endofexp_other_rating_pos: 0.11648592455191706
  endofexp_other_rating_zero: 0.4696264509689622
  endofexp_p_self_action_press: 0.28
  endofexp_self_rating_neg: 0.9769110695680563
  endofexp_self_rating_pos: 8.433331986341422e-05
  endofexp_self_rating_zero: 0.02300459711208024
