results:
  endofexp_other_rating_neg: 0.10885769703361094
  endofexp_other_rating_pos: 0.2900484726996177
  endofexp_other_rating_zero: 0.6010938302667713
  endofexp_p_self_action_press: 0.32
  endofexp_self_rating_neg: 0.9686784859485935
  endofexp_self_rating_pos: 0.00014589933781869002
  endofexp_self_rating_zero: 0.031175614713587724
