results:
  endofexp_other_rating_neg: 0.80935620484795
  endofexp_other_rating_pos: 0.015086776836943845
  endofexp_other_rating_zero: 0.1755570183151061
  endofexp_p_self_action_press: 0.88
  endofexp_self_rating_neg: 0.013259948746857113
  endofexp_self_rating_pos: 0.6435554482788195
  endofexp_self_rating_zero: 0.3431846029743235
