results:
  endofexp_other_rating_neg: 0.2966430054024132
  endofexp_other_rating_pos: 0.3125844363220555
  endofexp_other_rating_zero: 0.39077255827553137
  endofexp_p_self_action_press: 0.76
  endofexp_self_rating_neg: 0.020196876146426086
  endofexp_self_rating_pos: 0.7828485362875957
  endofexp_self_rating_zero: 0.19695458756597833
