results:
  endofexp_other_rating_neg: 0.00017950169314285492
  endofexp_other_rating_pos: 0.9624441915187283
  endofexp_other_rating_zero: 0.037376306788128734
  endofexp_p_self_action_press: 0.08
  endofexp_self_rating_neg: 0.3279175843722293
  endofexp_self_rating_pos: 0.18707119480547618
  endofexp_self_rating_zero: 0.4850112208222946
