results:
  endofexp_other_rating_neg: 0.36987500214735286
  endofexp_other_rating_pos: 0.1990137943104291
  endofexp_other_rating_zero: 0.4311112035422181
  endofexp_p_self_action_press: 0.4
  endofexp_self_rating_neg: 0.4406761816048548
  endofexp_self_rating_pos: 0.21720698507192585
  endofexp_self_rating_zero: 0.34211683332321924
