results:
  endofexp_other_rating_neg: 0.22047973785248845
  endofexp_other_rating_pos: 0.24019923596561873
  endofexp_other_rating_zero: 0.5393210261818928
  endofexp_p_self_action_press: 0.64
  endofexp_self_rating_neg: 0.00022502929023789008
  endofexp_self_rating_pos: 0.9694871628643589
  endofexp_self_rating_zero: 0.030287807845403244
