results:
  endofexp_other_rating_neg: 0.4638628531376459
  endofexp_other_rating_pos: 0.10247589961700194
  endofexp_other_rating_zero: 0.43366124724535204
  endofexp_p_self_action_press: 0.4
  endofexp_self_rating_neg: 0.1972015797902932
  endofexp_self_rating_pos: 0.3396083819897856
  endofexp_self_rating_zero: 0.4631900382199213
