results:
  endofexp_other_rating_neg: 0.8295799780149121
  endofexp_other_rating_pos: 0.010867257154630348
  endofexp_other_rating_zero: 0.15955276483045752
  endofexp_p_self_action_press: 0.08
  endofexp_self_rating_neg: 0.35408849354430605
  endofexp_self_rating_pos: 0.10091476242760086
  endofexp_self_rating_zero: 0.5449967440280931
