results:
  endofexp_other_rating_neg: 0.9562051791187334
  endofexp_other_rating_pos: 0.0002652849173568305
  endofexp_other_rating_zero: 0.04352953596390976
  endofexp_p_self_action_press: 0.88
  endofexp_self_rating_neg: 0.07854744032483257
  endofexp_self_rating_pos: 0.5179109506837196
  endofexp_self_rating_zero: 0.4035416089914479
