results:
  endofexp_other_rating_neg: 0.000408644876623636
  endofexp_other_rating_pos: 0.9541011961549604
  endofexp_other_rating_zero: 0.045490158968415906
  endofexp_p_self_action_press: 0.08
  endofexp_self_rating_neg: 0.47981807903292817
  endofexp_self_rating_pos: 0.10611463826379412
  endofexp_self_rating_zero: 0.41406728270327764
