results:
  endofexp_other_rating_neg: 0.4412489747999422
  endofexp_other_rating_pos: 0.1224813160561667
  endofexp_other_rating_zero: 0.4362697091438912
  endofexp_p_self_action_press: 0.28
  endofexp_self_rating_neg: 0.9799102830992179
  endofexp_self_rating_pos: 0.00018928438879917036
  endofexp_self_rating_zero: 0.019900432511982757
