results:
  endofexp_other_rating_neg: 0.07566940403567152
  endofexp_other_rating_pos: 0.48500860268667056
  endofexp_other_rating_zero: 0.439321993277658
  endofexp_p_self_action_press: 0.64
  endofexp_self_rating_neg: 0.0002127559524437809
  endofexp_self_rating_pos: 0.9708410352938833
  endofexp_self_rating_zero: 0.028946208753672844
