results:
  endofexp_other_rating_neg: 0.8260376712390687
  endofexp_other_rating_pos: 0.011585395515741916
  endofexp_other_rating_zero: 0.16237693324518931
  endofexp_p_self_action_press: 0.08
  endofexp_self_rating_neg: 0.27662726637233
  endofexp_self_rating_pos: 0.16799543043773105
  endofexp_self_rating_zero: 0.555377303189939
