results:
  endofexp_other_rating_neg: 0.556911553311946
  endofexp_other_rating_pos: 0.028057975748541606
  endofexp_other_rating_zero: 0.41503047093951245
  endofexp_p_self_action_press: 0.68
  endofexp_self_rating_neg: 0.00033415029459909655
  endofexp_self_rating_pos: 0.9535092285535656
  endofexp_self_rating_zero: 0.046156621151835386
