results:
  endofexp_other_rating_neg: 0.3286138179696053
  endofexp_other_rating_pos: 0.16564788627873672
  endofexp_other_rating_zero: 0.505738295751658
  endofexp_p_self_action_press: 0.28
  endofexp_self_rating_neg: 0.97381804490924
  endofexp_self_rating_pos: 0.00018877923361615217
  endofexp_self_rating_zero: 0.025993175857143908
