results:
  endofexp_other_rating_neg: 0.20580783688989648
  endofexp_other_rating_pos: 0.5554134380616207
  endofexp_other_rating_zero: 0.2387787250484829
  endofexp_p_self_action_press: 0.44
  endofexp_self_rating_neg: 0.3790561672511162
  endofexp_self_rating_pos: 0.3608885103479414
  endofexp_self_rating_zero: 0.2600553224009425
