results:
  endofexp_other_rating_neg: 0.35971867027678606
  endofexp_other_rating_pos: 0.28556373742123603
  endofexp_other_rating_zero: 0.35471759230197797
  endofexp_p_self_action_press: 0.52
  endofexp_self_rating_neg: 0.356578594265599
  endofexp_self_rating_pos: 0.23925850885020014
  endofexp_self_rating_zero: 0.4041628968842008
