results:
  endofexp_other_rating_neg: 0.1342719882667958
  endofexp_other_rating_pos: 0.3579633014469301
  endofexp_other_rating_zero: 0.5077647102862741
  endofexp_p_self_action_press: 0.6
  endofexp_self_rating_neg: 0.00021474940534197673
  endofexp_self_rating_pos: 0.9769010417465309
  endofexp_self_rating_zero: 0.022884208848126978
