results:
  endofexp_other_rating_neg: 0.33366561775160386
  endofexp_other_rating_pos: 0.3059031583649275
  endofexp_other_rating_zero: 0.36043122388346854
  endofexp_p_self_action_press: 0.36
  endofexp_self_rating_neg: 0.6482994343260157
  endofexp_self_rating_pos: 0.07372052155696757
  endofexp_self_rating_zero: 0.2779800441170169
