results:
  endofexp_other_rating_neg: 0.0059902410200426805
  endofexp_other_rating_pos: 0.9222816361743179
  endofexp_other_rating_zero: 0.07172812280563952
  endofexp_p_self_action_press: 0.08
  endofexp_self_rating_neg: 0.143636434474115
  endofexp_self_rating_pos: 0.4933795717893735
  endofexp_self_rating_zero: 0.3629839937365115
