results:
  endofexp_other_rating_neg: 0.313165170826199
  endofexp_other_rating_pos: 0.33428521861751986
  endofexp_other_rating_zero: 0.3525496105562811
  endofexp_p_self_action_press: 0.52
  endofexp_self_rating_neg: 0.1979017001062004
  endofexp_self_rating_pos: 0.4214848026333793
  endofexp_self_rating_zero: 0.3806134972604204
