results:
  endofexp_other_rating_neg: 0.14129125168990675
  endofexp_other_rating_pos: 0.3614106205847942
  endofexp_other_rating_zero: 0.49729812772529913
  endofexp_p_self_action_press: 0.52
  endofexp_self_rating_neg: 0.00039646818592065563
  endofexp_self_rating_pos: 0.9679043760431569
  endofexp_self_rating_zero: 0.031699155770922346
