results:
  endofexp_other_rating_neg: 0.2842911927783697
  endofexp_other_rating_pos: 0.38636170525394237
  endofexp_other_rating_zero: 0.3293471019676879
  endofexp_p_self_action_press: 0.32
  endofexp_self_rating_neg: 0.2658449627803775
  endofexp_self_rating_pos: 0.3538782822407001
  endofexp_self_rating_zero: 0.38027675497892244
