results:
  endofexp_other_rating_neg: 5.153807752880005e-05
  endofexp_other_rating_pos: 0.9944071146448018
  endofexp_other_rating_zero: 0.005541347277669366
  endofexp_p_self_action_press: 0.16
  endofexp_self_rating_neg: 0.07722739312627523
  endofexp_self_rating_pos: 0.13684170650088148
  endofexp_self_rating_zero: 0.7859309003728432
