results:
  endofexp_other_rating_neg: 0.3006681648605321
  endofexp_other_rating_pos: 0.2793013320530218
  endofexp_other_rating_zero: 0.42003050308644596
  endofexp_p_self_action_press: 0.52
  endofexp_self_rating_neg: 0.32685902714738196
  endofexp_self_rating_pos: 0.2500638266952592
  endofexp_self_rating_zero: 0.4230771461573589
