results:
  endofexp_other_rating_neg: 0.9525233435102319
  endofexp_other_rating_pos: 0.0003179783974433708
  endofexp_other_rating_zero: 0.04715867809232476
  endofexp_p_self_action_press: 0.08
  endofexp_self_rating_neg: 0.29187630564368183
  endofexp_self_rating_pos: 0.19703318104906975
  endofexp_self_rating_zero: 0.5110905133072484
