results:
  endofexp_other_rating_neg: 0.8115978234975783
  endofexp_other_rating_pos: 0.006755120857349685
  endofexp_other_rating_zero: 0.18164705564507216
  endofexp_p_self_action_press: 0.08
  endofexp_self_rating_neg: 0.44873981244599886
  endofexp_self_rating_pos: 0.03646598495522636
  endofexp_self_rating_zero: 0.5147942025987747
