results:
  endofexp_other_rating_neg: 0.9785674544392721
  endofexp_other_rating_pos: 0.0002384230390816315
  endofexp_other_rating_zero: 0.021194122521646357
  endofexp_p_self_action_press: 0.92
  endofexp_self_rating_neg: 0.10023271321381297
  endofexp_self_rating_pos: 0.6026301513677785
  endofexp_self_rating_zero: 0.2971371354184086
