results:
  endofexp_other_rating_neg: 0.14316724222097446
  endofexp_other_rating_pos: 0.5041528364190974
  endofexp_other_rating_zero: 0.35267992135992815
  endofexp_p_self_action_press: 0.44
  endofexp_self_rating_neg: 0.7024295385333033
  endofexp_self_rating_pos: 0.045582138157387264
  endofexp_self_rating_zero: 0.2519883233093094
