results:
  endofexp_other_rating_neg: 0.054648746338388954
  endofexp_other_rating_pos: 0.4439389737782273
  endofexp_other_rating_zero: 0.5014122798833838
  endofexp_p_self_action_press: 0.28
  endofexp_self_rating_neg: 0.9554619677926043
  endofexp_self_rating_pos: 0.0001312859737714878
  endofexp_self_rating_zero: 0.044406746233624214
