results:
  endofexp_other_rating_neg: 0.3187649807072221
  endofexp_other_rating_pos: 0.36369971591074407
  endofexp_other_rating_zero: 0.3175353033820339
  endofexp_p_self_action_press: 0.36
  endofexp_self_rating_neg: 0.9931789053759246
  endofexp_self_rating_pos: 3.667022795771639e-05
  endofexp_self_rating_zero: 0.006784424396117717
