results:
  endofexp_other_rating_neg: 0.30685601301402243
  endofexp_other_rating_pos: 0.3092719199940182
  endofexp_other_rating_zero: 0.38387206699195936
  endofexp_p_self_action_press: 0.2
  endofexp_self_rating_neg: 0.7445339481194995
  endofexp_self_rating_pos: 0.03509910525318342
  endofexp_self_rating_zero: 0.22036694662731715
