results:
  endofexp_other_rating_neg: 0.31890623888456254
  endofexp_other_rating_pos: 0.1687839144810348
  endofexp_other_rating_zero: 0.5123098466344026
  endofexp_p_self_action_press: 0.64
  endofexp_self_rating_neg: 0.0002166695265423317
  endofexp_self_rating_pos: 0.9741935544136244
  endofexp_self_rating_zero: 0.0255897760598332
