results:
  endofexp_other_rating_neg: 0.1719639482044005
  endofexp_other_rating_pos: 0.35291117825799395
  endofexp_other_rating_zero: 0.4751248735376056
  endofexp_p_self_action_press: 0.32
  endofexp_self_rating_neg: 0.9730142305239081
  endofexp_self_rating_pos: 0.00039532508396819413
  endofexp_self_rating_zero: 0.02659044439212379
