results:
  endofexp_other_rating_neg: 0.2469315035932472
  endofexp_other_rating_pos: 0.267996872772176
  endofexp_other_rating_zero: 0.4850716236345768
  endofexp_p_self_action_press: 0.32
  endofexp_self_rating_neg: 0.9749523653094253
  endofexp_self_rating_pos: 0.0003810913271720155
  endofexp_self_rating_zero: 0.02466654336340276
