results:
  endofexp_other_rating_neg: 0.4377121730199137
  endofexp_other_rating_pos: 0.057233933586851145
  endofexp_other_rating_zero: 0.5050538933932351
  endofexp_p_self_action_press: 0.64
  endofexp_self_rating_neg: 0.00011539906107118237
  endofexp_self_rating_pos: 0.9733998504736107
  endofexp_self_rating_zero: 0.02648475046531817
