results:
  endofexp_other_rating_neg: 0.027210652182558633
  endofexp_other_rating_pos: 0.7661533287404501
  endofexp_other_rating_zero: 0.20663601907699128
  endofexp_p_self_action_press: 0.08
  endofexp_self_rating_neg: 0.732766979015081
  endofexp_self_rating_pos: 0.008533387436266835
  endofexp_self_rating_zero: 0.2586996335486521
