results:
  endofexp_other_rating_neg: 0.5950733870486032
  endofexp_other_rating_pos: 0.01717014803029873
  endofexp_other_rating_zero: 0.38775646492109805
  endofexp_p_self_action_press: 0.64
  endofexp_self_rating_neg: 0.00017481775482702978
  endofexp_self_rating_pos: 0.9633649059126781
  endofexp_self_rating_zero: 0.03646027633249508
