results:
  endofexp_other_rating_neg: 0.4107084461915634
  endofexp_other_rating_pos: 0.23986166014771268
  endofexp_other_rating_zero: 0.34942989366072397
  endofexp_p_self_action_press: 0.64
  endofexp_self_rating_neg: 8.813745069354714e-06
  endofexp_self_rating_pos: 0.9933673342548643
  endofexp_self_rating_zero: 0.006623852000066448
