results:
  endofexp_other_rating_neg: 0.4135629224498365
  endofexp_other_rating_pos: 0.23750147449407905
  endofexp_other_rating_zero: 0.3489356030560844
  endofexp_p_self_action_press: 0.64
  endofexp_self_rating_neg: 8.162355156163782e-06
  endofexp_self_rating_pos: 0.9936777912730583
  endofexp_self_rating_zero: 0.006314046371785552
