results:
  endofexp_other_rating_neg: 0.33396680677968427
  endofexp_other_rating_pos: 0.3084978712691719
  endofexp_other_rating_zero: 0.3575353219511439
  endofexp_p_self_action_press: 0.48
  endofexp_self_rating_neg: 0.21658211178636655
  endofexp_self_rating_pos: 0.39506559546240516
  endofexp_self_rating_zero: 0.38835229275122835
