results:
  endofexp_other_rating_neg: 0.28447892864674523
  endofexp_other_rating_pos: 0.4184875854938727
  endofexp_other_rating_zero: 0.2970334858593821
  endofexp_p_self_action_press: 0.32
  endofexp_self_rating_neg: 0.9936880458924536
  endofexp_self_rating_pos: 4.1220427323976234e-05
  endofexp_self_rating_zero: 0.006270733680222541
