results:
  endofexp_other_rating_neg: 0.9300756051780235
  endofexp_other_rating_pos: 0.000359712991756172
  endofexp_other_rating_zero: 0.06956468183022041
  endofexp_p_self_action_press: 0.08
  endofexp_self_rating_neg: 0.3678049414565765
  endofexp_self_rating_pos: 0.10549083949399432
  endofexp_self_rating_zero: 0.5267042190494291
