results:
  endofexp_other_rating_neg: 0.1439037754864341
  endofexp_other_rating_pos: 0.2378574857757548
  endofexp_other_rating_zero: 0.6182387387378112
  endofexp_p_self_action_press: 0.28
  endofexp_self_rating_neg: 0.9554610255745706
  endofexp_self_rating_pos: 0.00020872344794625316
  endofexp_self_rating_zero: 0.04433025097748303
