results:
  endofexp_other_rating_neg: 0.3054955729945734
  endofexp_other_rating_pos: 0.22734665740075197
  endofexp_other_rating_zero: 0.4671577696046746
  endofexp_p_self_action_press: 0.6
  endofexp_self_rating_neg: 1.0841349345683202e-05
  endofexp_self_rating_pos: 0.9880397114559617
  endofexp_self_rating_zero: 0.011949447194692592
