results:
  endofexp_other_rating_neg: 0.8585478915666442
  endofexp_other_rating_pos: 0.006929682266274053
  endofexp_other_rating_zero: 0.1345224261670817
  endofexp_p_self_action_press: 0.8
  endofexp_self_rating_neg: 0.03825753359316686
  endofexp_self_rating_pos: 0.4657232512100669
  endofexp_self_rating_zero: 0.4960192151967662
