results:
  endofexp_other_rating_neg: 0.33506124509400037
  endofexp_other_rating_pos: 0.29220487995674804
  endofexp_other_rating_zero: 0.3727338749492515
  endofexp_p_self_action_press: 0.76
  endofexp_self_rating_neg: 0.061828972912463934
  endofexp_self_rating_pos: 0.6831145394610472
  endofexp_self_rating_zero: 0.25505648762648897
