results:
  endofexp_other_rating_neg: 0.07163833711288818
  endofexp_other_rating_pos: 0.4328773116102848
  endofexp_other_rating_zero: 0.49548435127682705
  endofexp_p_self_action_press: 0.52
  endofexp_self_rating_neg: 0.00019726149389148414
  endofexp_self_rating_pos: 0.9687595022896723
  endofexp_self_rating_zero: 0.031043236216435965
