results:
  endofexp_other_rating_neg: 0.19792724608400325
  endofexp_other_rating_pos: 0.4568487721540614
  endofexp_other_rating_zero: 0.3452239817619353
  endofexp_p_self_action_press: 0.48
  endofexp_self_rating_neg: 0.439244576198268
  endofexp_self_rating_pos: 0.22143623299964998
  endofexp_self_rating_zero: 0.33931919080208195
