results:
  endofexp_other_rating_neg: 0.19560115124249575
  endofexp_other_rating_pos: 0.32622835126530997
  endofexp_other_rating_zero: 0.47817049749219415
  endofexp_p_self_action_press: 0.32
  endofexp_self_rating_neg: 0.9748316690686802
  endofexp_self_rating_pos: 0.00031888043581966287
  endofexp_self_rating_zero: 0.024849450495500063
