results:
  endofexp_other_rating_neg: 0.28212091088411645
  endofexp_other_rating_pos: 0.16528521896992696
  endofexp_other_rating_zero: 0.5525938701459566
  endofexp_p_self_action_press: 0.64
  endofexp_self_rating_neg: 6.257374971269512e-05
  endofexp_self_rating_pos: 0.9825915169536344
  endofexp_self_rating_zero: 0.01734590929665281
