results:
  endofexp_other_rating_neg: 0.9520054191920171
  endofexp_other_rating_pos: 0.00031636631845796323
  endofexp_other_rating_zero: 0.04767821448952506
  endofexp_p_self_action_press: 0.08
  endofexp_self_rating_neg: 0.13478445007395465
  endofexp_self_rating_pos: 0.3929267604035327
  endofexp_self_rating_zero: 0.47228878952251274
