results:
  endofexp_other_rating_neg: 0.31324846820461505
  endofexp_other_rating_pos: 0.1471367422675616
  endofexp_other_rating_zero: 0.5396147895278234
  endofexp_p_self_action_press: 0.56
  endofexp_self_rating_neg: 0.00042582747918218757
  endofexp_self_rating_pos: 0.958631194224997
  endofexp_self_rating_zero: 0.0409429782958207
