results:
  endofexp_other_rating_neg: 0.08753945459095253
  endofexp_other_rating_pos: 0.4493754792698587
  endofexp_other_rating_zero: 0.4630850661391888
  endofexp_p_self_action_press: 0.64
  endofexp_self_rating_neg: 0.00020699305728434574
  endofexp_self_rating_pos: 0.9741343088781247
  endofexp_self_rating_zero: 0.025658698064591038
