results:
  endofexp_other_rating_neg: 0.0004980218800906462
  endofexp_other_rating_pos: 0.954351261828322
  endofexp_other_rating_zero: 0.04515071629158734
  endofexp_p_self_action_press: 0.04
  endofexp_self_rating_neg: 0.5505066413906881
  endofexp_self_rating_pos: 0.0892631850051911
  endofexp_self_rating_zero: 0.3602301736041208
