results:
  endofexp_other_rating_neg: 0.20005696052055252
  endofexp_other_rating_pos: 0.31605787885361125
  endofexp_other_rating_zero: 0.48388516062583625
  endofexp_p_self_action_press: 0.36
  endofexp_self_rating_neg: 0.9707881557752407
  endofexp_self_rating_pos: 0.0005050091042279045
  endofexp_self_rating_zero: 0.02870683512053138
