results:
  endofexp_other_rating_neg: 0.00962304586114314
  endofexp_other_rating_pos: 0.9093883949548298
  endofexp_other_rating_zero: 0.080988559184027
  endofexp_p_self_action_press: 0.08
  endofexp_self_rating_neg: 0.6537773599525422
  endofexp_self_rating_pos: 0.07777946197644071
  endofexp_self_rating_zero: 0.2684431780710171
