results:
  endofexp_other_rating_neg: 0.17539532637661379
  endofexp_other_rating_pos: 0.3075645742441923
  endofexp_other_rating_zero: 0.5170400993791939
  endofexp_p_self_action_press: 0.64
  endofexp_self_rating_neg: 0.00018649337540346009
  endofexp_self_rating_pos: 0.9765519645286562
  endofexp_self_rating_zero: 0.02326154209594012
