results:
  endofexp_other_rating_neg: 0.28822644749507664
  endofexp_other_rating_pos: 0.1943528938513244
  endofexp_other_rating_zero: 0.517420658653599
  endofexp_p_self_action_press: 0.32
  endofexp_self_rating_neg: 0.9743795550247112
  endofexp_self_rating_pos: 0.0002505041154226062
  endofexp_self_rating_zero: 0.02536994085986629
