results:
  endofexp_other_rating_neg: 0.250926276282577
  endofexp_other_rating_pos: 0.23460020899866826
  endofexp_other_rating_zero: 0.5144735147187547
  endofexp_p_self_action_press: 0.28
  endofexp_self_rating_neg: 0.9702677800490428
  endofexp_self_rating_pos: 0.00031916404172526255
  endofexp_self_rating_zero: 0.029413055909231992
