results:
  endofexp_other_rating_neg: 0.3968251225489123
  endofexp_other_rating_pos: 0.27965638766657364
  endofexp_other_rating_zero: 0.32351848978451403
  endofexp_p_self_action_press: 0.28
  endofexp_self_rating_neg: 0.9943435601075238
  endofexp_self_rating_pos: 2.3034773997700848e-05
  endofexp_self_rating_zero: 0.005633405118478612
