results:
  endofexp_other_rating_neg: 0.9804474165055294
  endofexp_other_rating_pos: 0.0001305418632816108
  endofexp_other_rating_zero: 0.01942204163118892
  endofexp_p_self_action_press: 0.88
  endofexp_self_rating_neg: 0.7088550714264962
  endofexp_self_rating_pos: 0.037263895829333184
  endofexp_self_rating_zero: 0.25388103274417056
