results:
  endofexp_other_rating_neg: 0.8292537890515483
  endofexp_other_rating_pos: 0.002756942632716028
  endofexp_other_rating_zero: 0.16798926831573566
  endofexp_p_self_action_press: 0.08
  endofexp_self_rating_neg: 0.2679707218947554
  endofexp_self_rating_pos: 0.06728041392128319
  endofexp_self_rating_zero: 0.6647488641839614
