results:
  endofexp_other_rating_neg: 0.00035544686414453966
  endofexp_other_rating_pos: 0.9559298504871993
  endofexp_other_rating_zero: 0.043714702648656255
  endofexp_p_self_action_press: 0.08
  endofexp_self_rating_neg: 0.32610243426257424
  endofexp_self_rating_pos: 0.21298894824145273
  endofexp_self_rating_zero: 0.46090861749597306
