results:
  endofexp_other_rating_neg: 0.7628212110471005
  endofexp_other_rating_pos: 0.028424291798912742
  endofexp_other_rating_zero: 0.2087544971539867
  endofexp_p_self_action_press: 0.08
  endofexp_self_rating_neg: 0.7282740783056286
  endofexp_self_rating_pos: 0.007463475115607875
  endofexp_self_rating_zero: 0.2642624465787636
