results:
  endofexp_other_rating_neg: 0.2876051211642142
  endofexp_other_rating_pos: 0.2016966698412679
  endofexp_other_rating_zero: 0.5106982089945178
  endofexp_p_self_action_press: 0.32
  endofexp_self_rating_neg: 0.9675767969684366
  endofexp_self_rating_pos: 0.0004106401952243674
  endofexp_self_rating_zero: 0.03201256283633906
