results:
  endofexp_other_rating_neg: 0.0003483457261124162
  endofexp_other_rating_pos: 0.9654180401107547
  endofexp_other_rating_zero: 0.0342336141631329
  endofexp_p_self_action_press: 0.08
  endofexp_self_rating_neg: 0.5959080316149192
  endofexp_self_rating_pos: 0.07659399530103563
  endofexp_self_rating_zero: 0.3274979730840452
