results:
  endofexp_other_rating_neg: 0.6651006227467039
  endofexp_other_rating_pos: 0.06546170501236419
  endofexp_other_rating_zero: 0.2694376722409319
  endofexp_p_self_action_press: 0.04
  endofexp_self_rating_neg: 0.459543605258456
  endofexp_self_rating_pos: 0.1887304170140607
  endofexp_self_rating_zero: 0.3517259777274833
