results:
  endofexp_other_rating_neg: 0.39699838267330606
  endofexp_other_rating_pos: 0.23015818216228368
  endofexp_other_rating_zero: 0.37284343516441026
  endofexp_p_self_action_press: 0.44
  endofexp_self_rating_neg: 0.2826666526245814
  endofexp_self_rating_pos: 0.2810052443910832
  endofexp_self_rating_zero: 0.43632810298433533
