results:
  endofexp_other_rating_neg: 0.26293499464583237
  endofexp_other_rating_pos: 0.38169327741879017
  endofexp_other_rating_zero: 0.35537172793537736
  endofexp_p_self_action_press: 0.4
  endofexp_self_rating_neg: 0.37246460232219153
  endofexp_self_rating_pos: 0.2814806762546825
  endofexp_self_rating_zero: 0.346054721423126
