results:
  endofexp_other_rating_neg: 0.03824915521394556
  endofexp_other_rating_pos: 0.5881255606258099
  endofexp_other_rating_zero: 0.37362528416024454
  endofexp_p_self_action_press: 0.28
  endofexp_self_rating_neg: 0.9679108728036688
  endofexp_self_rating_pos: 0.00028670309901393076
  endofexp_self_rating_zero: 0.03180242409731728
