results:
  endofexp_other_rating_neg: 0.39624308320790447
  endofexp_other_rating_pos: 0.14343563499932954
  endofexp_other_rating_zero: 0.4603212817927661
  endofexp_p_self_action_press: 0.6
  endofexp_self_rating_neg: 1.2201451626644952e-05
  endofexp_self_rating_pos: 0.9888152952465726
  endofexp_self_rating_zero: 0.011172503301800703
