results:
  endofexp_other_rating_neg: 0.2806047271163015
  endofexp_other_rating_pos: 0.038939810980773905
  endofexp_other_rating_zero: 0.6804554619029246
  endofexp_p_self_action_press: 0.52
  endofexp_self_rating_neg: 9.4268182286431e-05
  endofexp_self_rating_pos: 0.991442636019003
  endofexp_self_rating_zero: 0.008463095798710732
