results:
  endofexp_other_rating_neg: 0.000347467338983018
  endofexp_other_rating_pos: 0.978885090102131
  endofexp_other_rating_zero: 0.02076744255888585
  endofexp_p_self_action_press: 0.08
  endofexp_self_rating_neg: 0.19519233111161938
  endofexp_self_rating_pos: 0.48108752947789024
  endofexp_self_rating_zero: 0.3237201394104904
