results:
  endofexp_other_rating_neg: 0.75780731747681
  endofexp_other_rating_pos: 0.023101510246843898
  endofexp_other_rating_zero: 0.2190911722763463
  endofexp_p_self_action_press: 0.08
  endofexp_self_rating_neg: 0.8163104976422617
  endofexp_self_rating_pos: 0.001735236113641
  endofexp_self_rating_zero: 0.18195426624409736
