results:
  endofexp_other_rating_neg: 0.9457083865835447
  endofexp_other_rating_pos: 0.0003190466220983406
  endofexp_other_rating_zero: 0.053972566794356906
  endofexp_p_self_action_press: 0.04
  endofexp_self_rating_neg: 0.6036149939529156
  endofexp_self_rating_pos: 0.05419150179809966
  endofexp_self_rating_zero: 0.34219350424898476
