results:
  endofexp_other_rating_neg: 0.9604157224236515
  endofexp_other_rating_pos: 0.0003230750903078332
  endofexp_other_rating_zero: 0.039261202486040585
  endofexp_p_self_action_press: 0.08
  endofexp_self_rating_neg: 0.2708289566035667
  endofexp_self_rating_pos: 0.26019567476869954
  endofexp_self_rating_zero: 0.46897536862773376
