results:
  endofexp_other_rating_neg: 0.8411059944323774
  endofexp_other_rating_pos: 0.00189762375230967
  endofexp_other_rating_zero: 0.15699638181531292
  endofexp_p_self_action_press: 0.08
  endofexp_self_rating_neg: 0.22558569471995912
  endofexp_self_rating_pos: 0.09372043911935349
  endofexp_self_rating_zero: 0.6806938661606874
