results:
  endofexp_other_rating_neg: 0.05871541340333992
  endofexp_other_rating_pos: 0.48932896963984895
  endofexp_other_rating_zero: 0.45195561695681113
  endofexp_p_self_action_press: 0.56
  endofexp_self_rating_neg: 0.00019867159037675926
  endofexp_self_rating_pos: 0.9731709889406899
  endofexp_self_rating_zero: 0.02663033946893335
