results:
  endofexp_other_rating_neg: 0.24870331504754872
  endofexp_other_rating_pos: 0.3396235796739738
  endofexp_other_rating_zero: 0.4116731052784775
  endofexp_p_self_action_press: 0.4
  endofexp_self_rating_neg: 0.5376525394135283
  endofexp_self_rating_pos: 0.14586406056227907
  endofexp_self_rating_zero: 0.3164834000241926
