results:
  endofexp_other_rating_neg: 0.4842873551866247
  endofexp_other_rating_pos: 0.07139820752494945
  endofexp_other_rating_zero: 0.4443144372884258
  endofexp_p_self_action_press: 0.64
  endofexp_self_rating_neg: 1.7594443928203792e-05
  endofexp_self_rating_pos: 0.9805528264554675
  endofexp_self_rating_zero: 0.0194295791006043
