results:
  endofexp_other_rating_neg: 0.06659792744951935
  endofexp_other_rating_pos: 0.5456135371342737
  endofexp_other_rating_zero: 0.38778853541620684
  endofexp_p_self_action_press: 0.32
  endofexp_self_rating_neg: 0.9707538500323218
  endofexp_self_rating_pos: 0.0003609058027442463
  endofexp_self_rating_zero: 0.028885244164933974
