results:
  endofexp_other_rating_neg: 0.20305451698766144
  endofexp_other_rating_pos: 0.4563377329174283
  endofexp_other_rating_zero: 0.3406077500949102
  endofexp_p_self_action_press: 0.28
  endofexp_self_rating_neg: 0.993959310703161
  endofexp_self_rating_pos: 9.874814034623494e-06
  endofexp_self_rating_zero: 0.006030814482804541
