results:
  endofexp_other_rating_neg: 0.4574683484442344
  endofexp_other_rating_pos: 0.2011006494087751
  endofexp_other_rating_zero: 0.3414310021469905
  endofexp_p_self_action_press: 0.28
  endofexp_self_rating_neg: 0.9939567773787762
  endofexp_self_rating_pos: 7.742966030868712e-06
  endofexp_self_rating_zero: 0.006035479655192912
