results:
  endofexp_other_rating_neg: 0.4587459805446942
  endofexp_other_rating_pos: 0.04782821325209159
  endofexp_other_rating_zero: 0.49342580620321436
  endofexp_p_self_action_press: 0.32
  endofexp_self_rating_neg: 0.9586493612703534
  endofexp_self_rating_pos: 0.00019631946781658715
  endofexp_self_rating_zero: 0.04115431926183009
