results:
  endofexp_other_rating_neg: 0.00040747627189960677
  endofexp_other_rating_pos: 0.9548151439417869
  endofexp_other_rating_zero: 0.04477737978631349
  endofexp_p_self_action_press: 0.08
  endofexp_self_rating_neg: 0.2515317318931805
  endofexp_self_rating_pos: 0.284142031559135
  endofexp_self_rating_zero: 0.46432623654768457
