results:
  endofexp_other_rating_neg: 0.0001795091483467678
  endofexp_other_rating_pos: 0.9624451683955422
  endofexp_other_rating_zero: 0.037375322456111026
  endofexp_p_self_action_press: 0.08
  endofexp_self_rating_neg: 0.38307130385278876
  endofexp_self_rating_pos: 0.16040662543132927
  endofexp_self_rating_zero: 0.45652207071588197
