results:
  endofexp_other_rating_neg: 0.9518534476124171
  endofexp_other_rating_pos: 0.00030789897719780263
  endofexp_other_rating_zero: 0.04783865341038522
  endofexp_p_self_action_press: 0.08
  endofexp_self_rating_neg: 0.19522478583710196
  endofexp_self_rating_pos: 0.2958328973197171
  endofexp_self_rating_zero: 0.5089423168431808
