results:
  endofexp_other_rating_neg: 0.45403251720369947
  endofexp_other_rating_pos: 0.0615485340841002
  endofexp_other_rating_zero: 0.4844189487122003
  endofexp_p_self_action_press: 0.6
  endofexp_self_rating_neg: 0.0002426855883159792
  endofexp_self_rating_pos: 0.9664761465601076
  endofexp_self_rating_zero: 0.03328116785157637
