results:
  endofexp_other_rating_neg: 0.1985637677318201
  endofexp_other_rating_pos: 0.26059074690336476
  endofexp_other_rating_zero: 0.5408454853648151
  endofexp_p_self_action_press: 0.64
  endofexp_self_rating_neg: 0.00020998992127831766
  endofexp_self_rating_pos: 0.9727589473004266
  endofexp_self_rating_zero: 0.027031062778295197
