results:
  endofexp_other_rating_neg: 0.9434959649825088
  endofexp_other_rating_pos: 0.000589939966365414
  endofexp_other_rating_zero: 0.05591409505112573
  endofexp_p_self_action_press: 0.04
  endofexp_self_rating_neg: 0.5894588307406047
  endofexp_self_rating_pos: 0.061471842077628916
  endofexp_self_rating_zero: 0.3490693271817663
