results:
  endofexp_other_rating_neg: 0.0005048594330277069
  endofexp_other_rating_pos: 0.9161099832775605
  endofexp_other_rating_zero: 0.08338515728941179
  endofexp_p_self_action_press: 0.88
  endofexp_self_rating_neg: 0.01404139662850683
  endofexp_self_rating_pos: 0.6132491408693882
  endofexp_self_rating_zero: 0.372709462502105
