results:
  endofexp_other_rating_neg: 0.8317977357939744
  endofexp_other_rating_pos: 0.001480611214747681
  endofexp_other_rating_zero: 0.1667216529912778
  endofexp_p_self_action_press: 0.88
  endofexp_self_rating_neg: 0.04717003759312266
  endofexp_self_rating_pos: 0.31605233463562876
  endofexp_self_rating_zero: 0.6367776277712486
