results:
  endofexp_other_rating_neg: 0.5933062373690824
  endofexp_other_rating_pos: 0.11135400667800252
  endofexp_other_rating_zero: 0.29533975595291523
  endofexp_p_self_action_press: 0.04
  endofexp_self_rating_neg: 0.28062561620253185
  endofexp_self_rating_pos: 0.3638953690793868
  endofexp_self_rating_zero: 0.35547901471808124
