results:
  endofexp_other_rating_neg: 0.1974268672169714
  endofexp_other_rating_pos: 0.22523658468309093
  endofexp_other_rating_zero: 0.5773365480999377
  endofexp_p_self_action_press: 0.64
  endofexp_self_rating_neg: 0.00014992146275141948
  endofexp_self_rating_pos: 0.9687915363657488
  endofexp_self_rating_zero: 0.03105854217149988
