results:
  endofexp_other_rating_neg: 0.9640289854199879
  endofexp_other_rating_pos: 0.0002368268369279214
  endofexp_other_rating_zero: 0.03573418774308421
  endofexp_p_self_action_press: 0.08
  endofexp_self_rating_neg: 0.2996219952878882
  endofexp_self_rating_pos: 0.22524250023195158
  endofexp_self_rating_zero: 0.4751355044801602
