results:
  endofexp_other_rating_neg: 0.08264607180924059
  endofexp_other_rating_pos: 0.5718880446322011
  endofexp_other_rating_zero: 0.3454658835585584
  endofexp_p_self_action_press: 0.52
  endofexp_self_rating_neg: 0.3737645225548323
  endofexp_self_rating_pos: 0.2677384409680542
  endofexp_self_rating_zero: 0.3584970364771135
