results:
  endofexp_other_rating_neg: 0.7420432193060186
  endofexp_other_rating_pos: 0.035182498422269885
  endofexp_other_rating_zero: 0.22277428227171148
  endofexp_p_self_action_press: 0.08
  endofexp_self_rating_neg: 0.818123850335413
  endofexp_self_rating_pos: 0.002671422187549412
  endofexp_self_rating_zero: 0.17920472747703767
