results:
  endofexp_other_rating_neg: 0.0002870541712943105
  endofexp_other_rating_pos: 0.9625453375437648
  endofexp_other_rating_zero: 0.0371676082849408
  endofexp_p_self_action_press: 0.88
  endofexp_self_rating_neg: 0.729485336607505
  endofexp_self_rating_pos: 0.021062427175543016
  endofexp_self_rating_zero: 0.249452236216952
