results:
  endofexp_other_rating_neg: 0.19356342835999454
  endofexp_other_rating_pos: 0.28790458683865316
  endofexp_other_rating_zero: 0.5185319848013522
  endofexp_p_self_action_press: 0.64
  endofexp_self_rating_neg: 0.00021111937940163214
  endofexp_self_rating_pos: 0.9740717876038232
  endofexp_self_rating_zero: 0.025717093016774994
