results:
  endofexp_other_rating_neg: 0.23228880187596096
  endofexp_other_rating_pos: 0.25900574224747774
  endofexp_other_rating_zero: 0.5087054558765614
  endofexp_p_self_action_press: 0.28
  endofexp_self_rating_neg: 0.9675518761569699
  endofexp_self_rating_pos: 0.00036498829427798177
  endofexp_self_rating_zero: 0.03208313554875213
