results:
  endofexp_other_rating_neg: 0.24450283480169555
  endofexp_other_rating_pos: 0.40659381666622696
  endofexp_other_rating_zero: 0.34890334853207744
  endofexp_p_self_action_press: 0.44
  endofexp_self_rating_neg: 0.2548423965683078
  endofexp_self_rating_pos: 0.4072494902847375
  endofexp_self_rating_zero: 0.33790811314695474
