results:
  endofexp_other_rating_neg: 0.8200910562543605
  endofexp_other_rating_pos: 0.013122683364820862
  endofexp_other_rating_zero: 0.16678626038081873
  endofexp_p_self_action_press: 0.08
  endofexp_self_rating_neg: 0.05770643260462412
  endofexp_self_rating_pos: 0.45920037298972244
  endofexp_self_rating_zero: 0.48309319440565357
