results:
  endofexp_other_rating_neg: 0.3120142070314708
  endofexp_other_rating_pos: 0.3793897765500615
  endofexp_other_rating_zero: 0.30859601641846773
  endofexp_p_self_action_press: 0.4
  endofexp_self_rating_neg: 0.37938827373820816
  endofexp_self_rating_pos: 0.26213087252594564
  endofexp_self_rating_zero: 0.35848085373584626
