results:
  endofexp_other_rating_neg: 0.3679374379034263
  endofexp_other_rating_pos: 0.24312717639881828
  endofexp_other_rating_zero: 0.38893538569775554
  endofexp_p_self_action_press: 0.64
  endofexp_self_rating_neg: 0.022701249772867384
  endofexp_self_rating_pos: 0.7793383211267778
  endofexp_self_rating_zero: 0.19796042910035475
