results:
  endofexp_other_rating_neg: 0.0007836400810629015
  endofexp_other_rating_pos: 0.930795430903184
  endofexp_other_rating_zero: 0.06842092901575325
  endofexp_p_self_action_press: 0.84
  endofexp_self_rating_neg: 0.011342506553240171
  endofexp_self_rating_pos: 0.7388603920062426
  endofexp_self_rating_zero: 0.24979710144051714
