results:
  endofexp_other_rating_neg: 0.3882737798305262
  endofexp_other_rating_pos: 0.2481096348499915
  endofexp_other_rating_zero: 0.3636165853194824
  endofexp_p_self_action_press: 0.44
  endofexp_self_rating_neg: 0.35003466203867867
  endofexp_self_rating_pos: 0.293632923343472
  endofexp_self_rating_zero: 0.3563324146178492
