results:
  endofexp_other_rating_neg: 0.16327095090591118
  endofexp_other_rating_pos: 0.20243261822422687
  endofexp_other_rating_zero: 0.634296430869862
  endofexp_p_self_action_press: 0.32
  endofexp_self_rating_neg: 0.9637236136889495
  endofexp_self_rating_pos: 0.00013678887940420667
  endofexp_self_rating_zero: 0.036139597431646256
