results:
  endofexp_other_rating_neg: 0.10377877026626116
  endofexp_other_rating_pos: 0.6011033615502669
  endofexp_other_rating_zero: 0.295117868183472
  endofexp_p_self_action_press: 0.96
  endofexp_self_rating_neg: 0.2295637142248072
  endofexp_self_rating_pos: 0.41942668903388103
  endofexp_self_rating_zero: 0.35100959674131177
