results:
  endofexp_other_rating_neg: 0.436953286020427
  endofexp_other_rating_pos: 0.08997698385728546
  endofexp_other_rating_zero: 0.4730697301222875
  endofexp_p_self_action_press: 0.6
  endofexp_self_rating_neg: 0.0001993950241834452
  endofexp_self_rating_pos: 0.974378254413036
  endofexp_self_rating_zero: 0.025422350562780707
