results:
  endofexp_other_rating_neg: 0.36068081047114736
  endofexp_other_rating_pos: 0.1001349254656511
  endofexp_other_rating_zero: 0.5391842640632016
  endofexp_p_self_action_press: 0.64
  endofexp_self_rating_neg: 0.00014412365246770236
  endofexp_self_rating_pos: 0.9648963227863913
  endofexp_self_rating_zero: 0.03495955356114106
