results:
  endofexp_other_rating_neg: 0.21660196950188995
  endofexp_other_rating_pos: 0.26246653881905224
  endofexp_other_rating_zero: 0.5209314916790578
  endofexp_p_self_action_press: 0.64
  endofexp_self_rating_neg: 0.00023339730752343132
  endofexp_self_rating_pos: 0.9738610709300952
  endofexp_self_rating_zero: 0.02590553176238134
