results:
  endofexp_other_rating_neg: 0.2789528507188845
  endofexp_other_rating_pos: 0.20234406298063787
  endofexp_other_rating_zero: 0.5187030863004776
  endofexp_p_self_action_press: 0.36
  endofexp_self_rating_neg: 0.9736387609137375
  endofexp_self_rating_pos: 0.00021177267086922513
  endofexp_self_rating_zero: 0.026149466415393393
