results:
  endofexp_other_rating_neg: 0.32150682494491395
  endofexp_other_rating_pos: 0.3350075364317616
  endofexp_other_rating_zero: 0.34348563862332443
  endofexp_p_self_action_press: 0.52
  endofexp_self_rating_neg: 0.43414976926631366
  endofexp_self_rating_pos: 0.18875174763913954
  endofexp_self_rating_zero: 0.37709848309454674
