results:
  endofexp_other_rating_neg: 0.3622461296386031
  endofexp_other_rating_pos: 0.2917958939033206
  endofexp_other_rating_zero: 0.34595797645807636
  endofexp_p_self_action_press: 0.44
  endofexp_self_rating_neg: 0.44606632531349305
  endofexp_self_rating_pos: 0.18215627629179768
  endofexp_self_rating_zero: 0.37177739839470925
