results:
  endofexp_other_rating_neg: 0.949841590071355
  endofexp_other_rating_pos: 0.0005603320041267045
  endofexp_other_rating_zero: 0.049598077924518154
  endofexp_p_self_action_press: 0.08
  endofexp_self_rating_neg: 0.39306725987864827
  endofexp_self_rating_pos: 0.16304415405815675
  endofexp_self_rating_zero: 0.443888586063195
