results:
  endofexp_other_rating_neg: 0.041984137224985854
  endofexp_other_rating_pos: 0.5319699150564788
  endofexp_other_rating_zero: 0.4260459477185353
  endofexp_p_self_action_press: 0.56
  endofexp_self_rating_neg: 0.00019505747851617035
  endofexp_self_rating_pos: 0.9788995010742865
  endofexp_self_rating_zero: 0.020905441447197304
