results:
  endofexp_other_rating_neg: 0.5367755751881111
  endofexp_other_rating_pos: 0.20467701592560827
  endofexp_other_rating_zero: 0.25854740888628064
  endofexp_p_self_action_press: 0.36
  endofexp_self_rating_neg: 0.3899151143387548
  endofexp_self_rating_pos: 0.3228087305721862
  endofexp_self_rating_zero: 0.287276155089059
