results:
  endofexp_other_rating_neg: 0.00017291232758195042
  endofexp_other_rating_pos: 0.9479451440229987
  endofexp_other_rating_zero: 0.051881943649419275
  endofexp_p_self_action_press: 0.08
  endofexp_self_rating_neg: 0.07176899357420947
  endofexp_self_rating_pos: 0.44510028650234323
  endofexp_self_rating_zero: 0.48313071992344725
