results:
  endofexp_other_rating_neg: 0.9903733637819886
  endofexp_other_rating_pos: 0.00010441972146841317
  endofexp_other_rating_zero: 0.009522216496543058
  endofexp_p_self_action_press: 0.16
  endofexp_self_rating_neg: 0.5155331965329176
  endofexp_self_rating_pos: 0.012955598961244312
  endofexp_self_rating_zero: 0.47151120450583806
