results:
  endofexp_other_rating_neg: 0.22110736732196332
  endofexp_other_rating_pos: 0.46472401118621687
  endofexp_other_rating_zero: 0.3141686214918197
  endofexp_p_self_action_press: 0.28
  endofexp_self_rating_neg: 0.2218807967824211
  endofexp_self_rating_pos: 0.4492856356102524
  endofexp_self_rating_zero: 0.3288335676073264
