results:
  endofexp_other_rating_neg: 0.014108351307519631
  endofexp_other_rating_pos: 0.8917943273626523
  endofexp_other_rating_zero: 0.09409732132982802
  endofexp_p_self_action_press: 0.08
  endofexp_self_rating_neg: 0.003995338280059907
  endofexp_self_rating_pos: 0.8493138609986157
  endofexp_self_rating_zero: 0.1466908007213244
