results:
  endofexp_other_rating_neg: 0.4339652746726255
  endofexp_other_rating_pos: 0.0958183620313079
  endofexp_other_rating_zero: 0.47021636329606653
  endofexp_p_self_action_press: 0.6
  endofexp_self_rating_neg: 0.0003041683306534778
  endofexp_self_rating_pos: 0.9706451987402877
  endofexp_self_rating_zero: 0.029050632929058993
