results:
  endofexp_other_rating_neg: 0.9353553087843274
  endofexp_other_rating_pos: 0.0005327892371184736
  endofexp_other_rating_zero: 0.0641119019785541
  endofexp_p_self_action_press: 0.04
  endofexp_self_rating_neg: 0.6232007086810483
  endofexp_self_rating_pos: 0.03786762733053077
  endofexp_self_rating_zero: 0.33893166398842095
