results:
  endofexp_other_rating_neg: 0.9917124431301348
  endofexp_other_rating_pos: 8.661752527454519e-05
  endofexp_other_rating_zero: 0.008200939344590642
  endofexp_p_self_action_press: 0.16
  endofexp_self_rating_neg: 0.41833580100516027
  endofexp_self_rating_pos: 0.018459096497035858
  endofexp_self_rating_zero: 0.5632051024978038
