results:
  endofexp_other_rating_neg: 0.12896173449878365
  endofexp_other_rating_pos: 0.37558102849087277
  endofexp_other_rating_zero: 0.4954572370103435
  endofexp_p_self_action_press: 0.36
  endofexp_self_rating_neg: 0.969680127096737
  endofexp_self_rating_pos: 0.00030965145557777937
  endofexp_self_rating_zero: 0.03001022144768502
