results:
  endofexp_other_rating_neg: 0.4300791034201484
  endofexp_other_rating_pos: 0.20393374002913423
  endofexp_other_rating_zero: 0.36598715655071745
  endofexp_p_self_action_press: 0.44
  endofexp_self_rating_neg: 0.3825736755074248
  endofexp_self_rating_pos: 0.2687917614816715
  endofexp_self_rating_zero: 0.3486345630109038
