results:
  endofexp_other_rating_neg: 0.0006492610573752772
  endofexp_other_rating_pos: 0.9482180139050088
  endofexp_other_rating_zero: 0.051132725037615984
  endofexp_p_self_action_press: 0.08
  endofexp_self_rating_neg: 0.4266483820384746
  endofexp_self_rating_pos: 0.1347801894066785
  endofexp_self_rating_zero: 0.4385714285548468
