results:
  endofexp_other_rating_neg: 0.4290935275086076
  endofexp_other_rating_pos: 0.19662837754688894
  endofexp_other_rating_zero: 0.37427809494450354
  endofexp_p_self_action_press: 0.48
  endofexp_self_rating_neg: 0.4599691727742924
  endofexp_self_rating_pos: 0.18669815849660534
  endofexp_self_rating_zero: 0.35333266872910224
