results:
  endofexp_other_rating_neg: 0.8712061150057385
  endofexp_other_rating_pos: 0.0006795990448509857
  endofexp_other_rating_zero: 0.1281142859494105
  endofexp_p_self_action_press: 0.84
  endofexp_self_rating_neg: 0.05152780945466131
  endofexp_self_rating_pos: 0.3050530972044555
  endofexp_self_rating_zero: 0.6434190933408832
