results:
  endofexp_other_rating_neg: 0.22639877215448373
  endofexp_other_rating_pos: 0.0498012154440984
  endofexp_other_rating_zero: 0.7238000124014179
  endofexp_p_self_action_press: 0.4
  endofexp_self_rating_neg: 0.99092623495774
  endofexp_self_rating_pos: 9.688589786374114e-05
  endofexp_self_rating_zero: 0.00897687914439619
