results:
  endofexp_other_rating_neg: 0.14137503356359235
  endofexp_other_rating_pos: 0.2599069717807084
  endofexp_other_rating_zero: 0.5987179946556992
  endofexp_p_self_action_press: 0.56
  endofexp_self_rating_neg: 0.04395481239126745
  endofexp_self_rating_pos: 0.47343330966421143
  endofexp_self_rating_zero: 0.4826118779445211
