results:
  endofexp_other_rating_neg: 0.22611829360584737
  endofexp_other_rating_pos: 0.43562706569951765
  endofexp_other_rating_zero: 0.338254640694635
  endofexp_p_self_action_press: 0.48
  endofexp_self_rating_neg: 0.2337985640363446
  endofexp_self_rating_pos: 0.4142093670141635
  endofexp_self_rating_zero: 0.351992068949492
