results:
  endofexp_other_rating_neg: 0.26878353143968664
  endofexp_other_rating_pos: 0.35668162586441043
  endofexp_other_rating_zero: 0.374534842695903
  endofexp_p_self_action_press: 0.48
  endofexp_self_rating_neg: 0.21746904885337984
  endofexp_self_rating_pos: 0.40887451722474316
  endofexp_self_rating_zero: 0.3736564339218769
