results:
  endofexp_other_rating_neg: 0.00024660460057135376
  endofexp_other_rating_pos: 0.968732232517879
  endofexp_other_rating_zero: 0.03102116288154958
  endofexp_p_self_action_press: 0.08
  endofexp_self_rating_neg: 0.06730930951989489
  endofexp_self_rating_pos: 0.6166813015338795
  endofexp_self_rating_zero: 0.31600938894622566
