results:
  endofexp_other_rating_neg: 0.00030746765062726465
  endofexp_other_rating_pos: 0.9570254674870934
  endofexp_other_rating_zero: 0.0426670648622793
  endofexp_p_self_action_press: 0.08
  endofexp_self_rating_neg: 0.2102639553934896
  endofexp_self_rating_pos: 0.32495955519552505
  endofexp_self_rating_zero: 0.4647764894109854
