results:
  endofexp_other_rating_neg: 0.9237620243429859
  endofexp_other_rating_pos: 0.0005518811367227138
  endofexp_other_rating_zero: 0.0756860945202915
  endofexp_p_self_action_press: 0.08
  endofexp_self_rating_neg: 0.4168055840122501
  endofexp_self_rating_pos: 0.10089822179395569
  endofexp_self_rating_zero: 0.48229619419379405
