results:
  endofexp_other_rating_neg: 0.2877297922498758
  endofexp_other_rating_pos: 0.19438301110287515
  endofexp_other_rating_zero: 0.517887196647249
  endofexp_p_self_action_press: 0.64
  endofexp_self_rating_neg: 0.0001871408092134434
  endofexp_self_rating_pos: 0.9755772040730373
  endofexp_self_rating_zero: 0.02423565511774914
