results:
  endofexp_other_rating_neg: 0.94680338555946
  endofexp_other_rating_pos: 0.00040982181310054977
  endofexp_other_rating_zero: 0.0527867926274394
  endofexp_p_self_action_press: 0.88
  endofexp_self_rating_neg: 0.032695627520024716
  endofexp_self_rating_pos: 0.6423691725247002
  endofexp_self_rating_zero: 0.3249351999552751
