results:
  endofexp_other_rating_neg: 0.5115276861836159
  endofexp_other_rating_pos: 0.06734830817678095
  endofexp_other_rating_zero: 0.42112400563960306
  endofexp_p_self_action_press: 0.64
  endofexp_self_rating_neg: 1.9912290253782772e-05
  endofexp_self_rating_pos: 0.9817043844618702
  endofexp_self_rating_zero: 0.018275703247876092
