results:
  endofexp_other_rating_neg: 0.3767456553396569
  endofexp_other_rating_pos: 0.27083355998350106
  endofexp_other_rating_zero: 0.35242078467684207
  endofexp_p_self_action_press: 0.32
  endofexp_self_rating_neg: 0.9923115476973595
  endofexp_self_rating_pos: 1.0102778252075456e-05
  endofexp_self_rating_zero: 0.007678349524388382
