results:
  endofexp_other_rating_neg: 0.19315481904703313
  endofexp_other_rating_pos: 0.5418682458953052
  endofexp_other_rating_zero: 0.2649769350576617
  endofexp_p_self_action_press: 0.28
  endofexp_self_rating_neg: 0.9921290219295703
  endofexp_self_rating_pos: 7.432229761816888e-05
  endofexp_self_rating_zero: 0.007796655772811558
