results:
  endofexp_other_rating_neg: 0.3072917817905749
  endofexp_other_rating_pos: 0.34500432467061704
  endofexp_other_rating_zero: 0.347703893538808
  endofexp_p_self_action_press: 0.48
  endofexp_self_rating_neg: 0.34978313270624956
  endofexp_self_rating_pos: 0.2773093388642225
  endofexp_self_rating_zero: 0.37290752842952796
