results:
  endofexp_other_rating_neg: 0.21260450483806603
  endofexp_other_rating_pos: 0.2729243836000261
  endofexp_other_rating_zero: 0.5144711115619078
  endofexp_p_self_action_press: 0.28
  endofexp_self_rating_neg: 0.9773314356317414
  endofexp_self_rating_pos: 0.00015553828570660439
  endofexp_self_rating_zero: 0.022513026082552033
