results:
  endofexp_other_rating_neg: 0.9485401699165953
  endofexp_other_rating_pos: 0.0007786052895413722
  endofexp_other_rating_zero: 0.050681224793863375
  endofexp_p_self_action_press: 0.04
  endofexp_self_rating_neg: 0.5386124478329785
  endofexp_self_rating_pos: 0.11004550268435369
  endofexp_self_rating_zero: 0.35134204948266784
