results:
  endofexp_other_rating_neg: 0.2986505696011714
  endofexp_other_rating_pos: 0.33302527251994135
  endofexp_other_rating_zero: 0.36832415787888717
  endofexp_p_self_action_press: 0.52
  endofexp_self_rating_neg: 0.3556847729607289
  endofexp_self_rating_pos: 0.2911787676437042
  endofexp_self_rating_zero: 0.353136459395567
