results:
  endofexp_other_rating_neg: 0.3470975731075746
  endofexp_other_rating_pos: 0.29775568306038425
  endofexp_other_rating_zero: 0.3551467438320412
  endofexp_p_self_action_press: 0.32
  endofexp_self_rating_neg: 0.9928958649449173
  endofexp_self_rating_pos: 9.985302115258705e-06
  endofexp_self_rating_zero: 0.007094149752967474
