results:
  endofexp_other_rating_neg: 0.2803830347796089
  endofexp_other_rating_pos: 0.3659570419316763
  endofexp_other_rating_zero: 0.3536599232887147
  endofexp_p_self_action_press: 0.68
  endofexp_self_rating_neg: 1.6164855415078495e-06
  endofexp_self_rating_pos: 0.9960815628342021
  endofexp_self_rating_zero: 0.003916820680256488
