results:
  endofexp_other_rating_neg: 0.34165640957734117
  endofexp_other_rating_pos: 0.3118895622282985
  endofexp_other_rating_zero: 0.34645402819436033
  endofexp_p_self_action_press: 0.56
  endofexp_self_rating_neg: 0.2142069764275642
  endofexp_self_rating_pos: 0.4268795829461708
  endofexp_self_rating_zero: 0.358913440626265
