results:
  endofexp_other_rating_neg: 0.2826245211336543
  endofexp_other_rating_pos: 0.20474680399180745
  endofexp_other_rating_zero: 0.5126286748745382
  endofexp_p_self_action_press: 0.28
  endofexp_self_rating_neg: 0.9723930134888764
  endofexp_self_rating_pos: 0.00026748780734366627
  endofexp_self_rating_zero: 0.027339498703780017
