results:
  endofexp_other_rating_neg: 0.26729789263845527
  endofexp_other_rating_pos: 0.3640834726998577
  endofexp_other_rating_zero: 0.36861863466168693
  endofexp_p_self_action_press: 0.12
  endofexp_self_rating_neg: 0.6554145016032203
  endofexp_self_rating_pos: 0.0764842828017252
  endofexp_self_rating_zero: 0.26810121559505445
