results:
  endofexp_other_rating_neg: 0.7759882859283563
  endofexp_other_rating_pos: 0.014787155488939479
  endofexp_other_rating_zero: 0.20922455858270406
  endofexp_p_self_action_press: 0.08
  endofexp_self_rating_neg: 0.714768718226377
  endofexp_self_rating_pos: 0.004747414928751025
  endofexp_self_rating_zero: 0.280483866844872
