results:
  endofexp_other_rating_neg: 0.0001625567604298659
  endofexp_other_rating_pos: 0.920628513383298
  endofexp_other_rating_zero: 0.07920892985627213
  endofexp_p_self_action_press: 0.16
  endofexp_self_rating_neg: 0.058854471680214314
  endofexp_self_rating_pos: 0.4169053070790959
  endofexp_self_rating_zero: 0.5242402212406898
