results:
  endofexp_other_rating_neg: 0.344345582530542
  endofexp_other_rating_pos: 0.3350579052749483
  endofexp_other_rating_zero: 0.3205965121945097
  endofexp_p_self_action_press: 0.32
  endofexp_self_rating_neg: 0.9926367910729008
  endofexp_self_rating_pos: 3.671720803746696e-05
  endofexp_self_rating_zero: 0.007326491719061832
