results:
  endofexp_other_rating_neg: 0.0851439740011493
  endofexp_other_rating_pos: 0.47507110172543104
  endofexp_other_rating_zero: 0.43978492427341964
  endofexp_p_self_action_press: 0.24
  endofexp_self_rating_neg: 0.956499458191676
  endofexp_self_rating_pos: 0.0004028274619195533
  endofexp_self_rating_zero: 0.0430977143464045
