results:
  endofexp_other_rating_neg: 0.24786001645267092
  endofexp_other_rating_pos: 0.39493711930570136
  endofexp_other_rating_zero: 0.3572028642416277
  endofexp_p_self_action_press: 0.48
  endofexp_self_rating_neg: 0.2482393630437813
  endofexp_self_rating_pos: 0.41144812207592696
  endofexp_self_rating_zero: 0.34031251488029174
