results:
  endofexp_other_rating_neg: 0.1752328543697483
  endofexp_other_rating_pos: 0.3095531504820097
  endofexp_other_rating_zero: 0.5152139951482421
  endofexp_p_self_action_press: 0.32
  endofexp_self_rating_neg: 0.9763814041304304
  endofexp_self_rating_pos: 0.00019013780502367077
  endofexp_self_rating_zero: 0.02342845806454587
