results:
  endofexp_other_rating_neg: 0.24082552133208399
  endofexp_other_rating_pos: 0.40412667998207186
  endofexp_other_rating_zero: 0.3550477986858441
  endofexp_p_self_action_press: 0.48
  endofexp_self_rating_neg: 0.36095068155118987
  endofexp_self_rating_pos: 0.26944202194216743
  endofexp_self_rating_zero: 0.36960729650664265
