results:
  endofexp_other_rating_neg: 0.0938441457204327
  endofexp_other_rating_pos: 0.44631141542809893
  endofexp_other_rating_zero: 0.45984443885146836
  endofexp_p_self_action_press: 0.32
  endofexp_self_rating_neg: 0.9716712805273559
  endofexp_self_rating_pos: 0.00019496394651645032
  endofexp_self_rating_zero: 0.028133755526127704
