results:
  endofexp_other_rating_neg: 0.25209204629593046
  endofexp_other_rating_pos: 0.16212374583657665
  endofexp_other_rating_zero: 0.585784207867493
  endofexp_p_self_action_press: 0.4
  endofexp_self_rating_neg: 0.9577270606055981
  endofexp_self_rating_pos: 0.00030794177215762435
  endofexp_self_rating_zero: 0.041964997622244135
