results:
  endofexp_other_rating_neg: 0.22264261695157656
  endofexp_other_rating_pos: 0.21286073781013973
  endofexp_other_rating_zero: 0.5644966452382838
  endofexp_p_self_action_press: 0.56
  endofexp_self_rating_neg: 0.00020481803743854356
  endofexp_self_rating_pos: 0.9685054148670905
  endofexp_self_rating_zero: 0.03128976709547095
