results:
  endofexp_other_rating_neg: 0.3269774124834125
  endofexp_other_rating_pos: 0.33144983926974936
  endofexp_other_rating_zero: 0.34157274824683814
  endofexp_p_self_action_press: 0.48
  endofexp_self_rating_neg: 0.34590466246246354
  endofexp_self_rating_pos: 0.19203208611531267
  endofexp_self_rating_zero: 0.4620632514222237
