results:
  endofexp_other_rating_neg: 0.280828272082123
  endofexp_other_rating_pos: 0.40276134095535054
  endofexp_other_rating_zero: 0.31641038696252655
  endofexp_p_self_action_press: 0.52
  endofexp_self_rating_neg: 0.25090680203703636
  endofexp_self_rating_pos: 0.44044802432771785
  endofexp_self_rating_zero: 0.30864517363524574
