results:
  endofexp_other_rating_neg: 0.40772875207254483
  endofexp_other_rating_pos: 0.1920041971272963
  endofexp_other_rating_zero: 0.4002670508001589
  endofexp_p_self_action_press: 0.48
  endofexp_self_rating_neg: 0.349120634190305
  endofexp_self_rating_pos: 0.24971388174102424
  endofexp_self_rating_zero: 0.40116548406867086
