results:
  endofexp_other_rating_neg: 0.37928450507718564
  endofexp_other_rating_pos: 0.27484331997703426
  endofexp_other_rating_zero: 0.34587217494578004
  endofexp_p_self_action_press: 0.52
  endofexp_self_rating_neg: 0.25345350613770673
  endofexp_self_rating_pos: 0.40034580238378936
  endofexp_self_rating_zero: 0.34620069147850396
