results:
  endofexp_other_rating_neg: 0.0004786050135745683
  endofexp_other_rating_pos: 0.9511726025666906
  endofexp_other_rating_zero: 0.048348792419734964
  endofexp_p_self_action_press: 0.08
  endofexp_self_rating_neg: 0.1462015484115242
  endofexp_self_rating_pos: 0.41760534093427915
  endofexp_self_rating_zero: 0.43619311065419664
