results:
  endofexp_other_rating_neg: 0.2561675520097928
  endofexp_other_rating_pos: 0.45344472978653594
  endofexp_other_rating_zero: 0.2903877182036712
  endofexp_p_self_action_press: 0.28
  endofexp_self_rating_neg: 0.9927802008467728
  endofexp_self_rating_pos: 5.860636670665123e-05
  endofexp_self_rating_zero: 0.007161192786520553
