results:
  endofexp_other_rating_neg: 0.33539004275248174
  endofexp_other_rating_pos: 0.3094630423844715
  endofexp_other_rating_zero: 0.3551469148630468
  endofexp_p_self_action_press: 0.6
  endofexp_self_rating_neg: 0.20045683470104073
  endofexp_self_rating_pos: 0.4768352482513803
  endofexp_self_rating_zero: 0.32270791704757895
