results:
  endofexp_other_rating_neg: 0.9101875688340488
  endofexp_other_rating_pos: 0.0003563399353466902
  endofexp_other_rating_zero: 0.08945609123060451
  endofexp_p_self_action_press: 0.08
  endofexp_self_rating_neg: 0.22637682724040092
  endofexp_self_rating_pos: 0.17922031200507932
  endofexp_self_rating_zero: 0.5944028607545199
