results:
  endofexp_other_rating_neg: 0.3291429075716816
  endofexp_other_rating_pos: 0.10978769093680771
  endofexp_other_rating_zero: 0.5610694014915107
  endofexp_p_self_action_press: 0.64
  endofexp_self_rating_neg: 0.00019483671658577313
  endofexp_self_rating_pos: 0.9677366327624318
  endofexp_self_rating_zero: 0.03206853052098242
