results:
  endofexp_other_rating_neg: 0.15005234522467373
  endofexp_other_rating_pos: 0.3489758958264257
  endofexp_other_rating_zero: 0.5009717589489006
  endofexp_p_self_action_press: 0.32
  endofexp_self_rating_neg: 0.9727388950922965
  endofexp_self_rating_pos: 0.00024681500236028287
  endofexp_self_rating_zero: 0.027014289905343238
