results:
  endofexp_other_rating_neg: 0.8165469058987924
  endofexp_other_rating_pos: 0.014198488991986112
  endofexp_other_rating_zero: 0.16925460510922147
  endofexp_p_self_action_press: 0.08
  endofexp_self_rating_neg: 0.10622692023905744
  endofexp_self_rating_pos: 0.36107619631225407
  endofexp_self_rating_zero: 0.5326968834486885
