results:
  endofexp_other_rating_neg: 0.2784406691208462
  endofexp_other_rating_pos: 0.3498729371098061
  endofexp_other_rating_zero: 0.37168639376934776
  endofexp_p_self_action_press: 0.84
  endofexp_self_rating_neg: 0.06490095905666829
  endofexp_self_rating_pos: 0.6744884374076294
  endofexp_self_rating_zero: 0.26061060353570226
