results:
  endofexp_other_rating_neg: 0.9566418098158933
  endofexp_other_rating_pos: 0.00035645965769554743
  endofexp_other_rating_zero: 0.043001730526411354
  endofexp_p_self_action_press: 0.08
  endofexp_self_rating_neg: 0.25890885435053457
  endofexp_self_rating_pos: 0.27281772191313386
  endofexp_self_rating_zero: 0.4682734237363316
