results:
  endofexp_other_rating_neg: 0.9437267770499906
  endofexp_other_rating_pos: 0.000744530488119088
  endofexp_other_rating_zero: 0.055528692461890274
  endofexp_p_self_action_press: 0.08
  endofexp_self_rating_neg: 0.35838999958393825
  endofexp_self_rating_pos: 0.18384398552277204
  endofexp_self_rating_zero: 0.45776601489328966
