results:
  endofexp_other_rating_neg: 0.9163635018312659
  endofexp_other_rating_pos: 0.00016846557814954933
  endofexp_other_rating_zero: 0.08346803259058475
  endofexp_p_self_action_press: 0.08
  endofexp_self_rating_neg: 0.16843476002736968
  endofexp_self_rating_pos: 0.20812270195635618
  endofexp_self_rating_zero: 0.6234425380162743
