results:
  endofexp_other_rating_neg: 0.08833864924264964
  endofexp_other_rating_pos: 0.6174857447310981
  endofexp_other_rating_zero: 0.29417560602625237
  endofexp_p_self_action_press: 0.44
  endofexp_self_rating_neg: 0.2641663122025474
  endofexp_self_rating_pos: 0.3432473137077354
  endofexp_self_rating_zero: 0.39258637408971725
