results:
  endofexp_other_rating_neg: 0.0001764800031950849
  endofexp_other_rating_pos: 0.9642104271546884
  endofexp_other_rating_zero: 0.03561309284211641
  endofexp_p_self_action_press: 0.84
  endofexp_self_rating_neg: 0.08027807999122302
  endofexp_self_rating_pos: 0.4994925770348236
  endofexp_self_rating_zero: 0.4202293429739534
