results:
  endofexp_other_rating_neg: 0.08630868274088255
  endofexp_other_rating_pos: 0.35224859772916045
  endofexp_other_rating_zero: 0.5614427195299571
  endofexp_p_self_action_press: 0.32
  endofexp_self_rating_neg: 0.9712480489397135
  endofexp_self_rating_pos: 0.00010491721280622831
  endofexp_self_rating_zero: 0.028647033847480227
