results:
  endofexp_other_rating_neg: 0.21508745374307883
  endofexp_other_rating_pos: 0.3410978652659222
  endofexp_other_rating_zero: 0.44381468099099897
  endofexp_p_self_action_press: 0.32
  endofexp_self_rating_neg: 0.21594903221495562
  endofexp_self_rating_pos: 0.4509815863507579
  endofexp_self_rating_zero: 0.3330693814342864
