results:
  endofexp_other_rating_neg: 0.0003625102846895456
  endofexp_other_rating_pos: 0.9634180834570825
  endofexp_other_rating_zero: 0.036219406258227935
  endofexp_p_self_action_press: 0.12
  endofexp_self_rating_neg: 0.4338942930053767
  endofexp_self_rating_pos: 0.12922421283621163
  endofexp_self_rating_zero: 0.43688149415841177
