results:
  endofexp_other_rating_neg: 0.37623322482909255
  endofexp_other_rating_pos: 0.23686368176214753
  endofexp_other_rating_zero: 0.3869030934087599
  endofexp_p_self_action_press: 0.76
  endofexp_self_rating_neg: 0.020945053367358635
  endofexp_self_rating_pos: 0.7796203299473311
  endofexp_self_rating_zero: 0.19943461668531023
