results:
  endofexp_other_rating_neg: 0.9444828857121684
  endofexp_other_rating_pos: 0.0005967594796722968
  endofexp_other_rating_zero: 0.05492035480815921
  endofexp_p_self_action_press: 0.08
  endofexp_self_rating_neg: 0.08018556084962797
  endofexp_self_rating_pos: 0.5296598089559384
  endofexp_self_rating_zero: 0.3901546301944335
