results:
  endofexp_other_rating_neg: 0.000393466626800823
  endofexp_other_rating_pos: 0.9556448819026762
  endofexp_other_rating_zero: 0.04396165147052301
  endofexp_p_self_action_press: 0.08
  endofexp_self_rating_neg: 0.25594889895986783
  endofexp_self_rating_pos: 0.27887447770296586
  endofexp_self_rating_zero: 0.4651766233371664
