results:
  endofexp_other_rating_neg: 0.12483803028714711
  endofexp_other_rating_pos: 0.5580493288357665
  endofexp_other_rating_zero: 0.31711264087708635
  endofexp_p_self_action_press: 0.44
  endofexp_self_rating_neg: 0.04718010325760446
  endofexp_self_rating_pos: 0.6434727765669034
  endofexp_self_rating_zero: 0.3093471201754921
