results:
  endofexp_other_rating_neg: 0.0007178897239186604
  endofexp_other_rating_pos: 0.9325622511697045
  endofexp_other_rating_zero: 0.06671985910637676
  endofexp_p_self_action_press: 0.88
  endofexp_self_rating_neg: 0.018938480192888206
  endofexp_self_rating_pos: 0.6982267439716564
  endofexp_self_rating_zero: 0.2828347758354553
