results:
  endofexp_other_rating_neg: 0.33855475933047524
  endofexp_other_rating_pos: 0.30716226946714353
  endofexp_other_rating_zero: 0.3542829712023811
  endofexp_p_self_action_press: 0.64
  endofexp_self_rating_neg: 5.870544783925696e-06
  endofexp_self_rating_pos: 0.9950433895994959
  endofexp_self_rating_zero: 0.0049507398557201605
