results:
  endofexp_other_rating_neg: 0.21608118783373556
  endofexp_other_rating_pos: 0.16911346941688565
  endofexp_other_rating_zero: 0.6148053427493788
  endofexp_p_self_action_press: 0.32
  endofexp_self_rating_neg: 0.9554776751245878
  endofexp_self_rating_pos: 0.00023995736152697685
  endofexp_self_rating_zero: 0.04428236751388526
