results:
  endofexp_other_rating_neg: 0.5600378570585662
  endofexp_other_rating_pos: 0.04616730745061267
  endofexp_other_rating_zero: 0.3937948354908211
  endofexp_p_self_action_press: 0.28
  endofexp_self_rating_neg: 0.9709617862578992
  endofexp_self_rating_pos: 0.0002269523498159794
  endofexp_self_rating_zero: 0.028811261392284956
