results:
  endofexp_other_rating_neg: 0.23240825737474305
  endofexp_other_rating_pos: 0.2708671156308229
  endofexp_other_rating_zero: 0.496724626994434
  endofexp_p_self_action_press: 0.32
  endofexp_self_rating_neg: 0.9730671155509752
  endofexp_self_rating_pos: 0.0003907093706636616
  endofexp_self_rating_zero: 0.02654217507836102
