results:
  endofexp_other_rating_neg: 0.00024841290303775974
  endofexp_other_rating_pos: 0.9597096899200456
  endofexp_other_rating_zero: 0.0400418971769167
  endofexp_p_self_action_press: 0.08
  endofexp_self_rating_neg: 0.18794024856282573
  endofexp_self_rating_pos: 0.3480050609546872
  endofexp_self_rating_zero: 0.4640546904824871
