results:
  endofexp_other_rating_neg: 0.36349236241882094
  endofexp_other_rating_pos: 0.2782885936439761
  endofexp_other_rating_zero: 0.35821904393720294
  endofexp_p_self_action_press: 0.48
  endofexp_self_rating_neg: 0.12157120259395438
  endofexp_self_rating_pos: 0.5384925186439263
  endofexp_self_rating_zero: 0.33993627876211935
