results:
  endofexp_other_rating_neg: 0.2530933059446222
  endofexp_other_rating_pos: 0.3771073422325428
  endofexp_other_rating_zero: 0.36979935182283497
  endofexp_p_self_action_press: 0.48
  endofexp_self_rating_neg: 0.5338314064017345
  endofexp_self_rating_pos: 0.14475601585638712
  endofexp_self_rating_zero: 0.3214125777418783
