results:
  endofexp_other_rating_neg: 0.09272836894609784
  endofexp_other_rating_pos: 0.14108966424637204
  endofexp_other_rating_zero: 0.7661819668075301
  endofexp_p_self_action_press: 0.4
  endofexp_self_rating_neg: 0.991383267466984
  endofexp_self_rating_pos: 9.308309589297962e-05
  endofexp_self_rating_zero: 0.008523649437122803
