results:
  endofexp_other_rating_neg: 0.21658028545273922
  endofexp_other_rating_pos: 0.44821588055230294
  endofexp_other_rating_zero: 0.3352038339949579
  endofexp_p_self_action_press: 0.48
  endofexp_self_rating_neg: 0.085061737956812
  endofexp_self_rating_pos: 0.5017337195836729
  endofexp_self_rating_zero: 0.41320454245951516
