results:
  endofexp_other_rating_neg: 0.00026610859750246903
  endofexp_other_rating_pos: 0.9577000715039626
  endofexp_other_rating_zero: 0.042033819898534865
  endofexp_p_self_action_press: 0.08
  endofexp_self_rating_neg: 0.20153128412920987
  endofexp_self_rating_pos: 0.33635535684107465
  endofexp_self_rating_zero: 0.46211335902971545
