results:
  endofexp_other_rating_neg: 0.1921618040434865
  endofexp_other_rating_pos: 0.47037312445798646
  endofexp_other_rating_zero: 0.33746507149852695
  endofexp_p_self_action_press: 0.48
  endofexp_self_rating_neg: 0.15735534678236549
  endofexp_self_rating_pos: 0.5247906735170345
  endofexp_self_rating_zero: 0.31785397970060014
