results:
  endofexp_other_rating_neg: 0.8324191785438523
  endofexp_other_rating_pos: 0.012069060160252085
  endofexp_other_rating_zero: 0.15551176129589575
  endofexp_p_self_action_press: 0.16
  endofexp_self_rating_neg: 0.07916323984437633
  endofexp_self_rating_pos: 0.38052410681357024
  endofexp_self_rating_zero: 0.5403126533420535
