results:
  endofexp_other_rating_neg: 0.28212230207328376
  endofexp_other_rating_pos: 0.19803721504362326
  endofexp_other_rating_zero: 0.5198404828830929
  endofexp_p_self_action_press: 0.64
  endofexp_self_rating_neg: 0.00021865498865889408
  endofexp_self_rating_pos: 0.9747041666216594
  endofexp_self_rating_zero: 0.02507717838968185
