results:
  endofexp_other_rating_neg: 0.3597902746234272
  endofexp_other_rating_pos: 0.10913883971301812
  endofexp_other_rating_zero: 0.5310708856635546
  endofexp_p_self_action_press: 0.6
  endofexp_self_rating_neg: 0.0002714498600780718
  endofexp_self_rating_pos: 0.9627419799067628
  endofexp_self_rating_zero: 0.03698657023315899
