results:
  endofexp_other_rating_neg: 0.2871974312880505
  endofexp_other_rating_pos: 0.150570611323812
  endofexp_other_rating_zero: 0.5622319573881375
  endofexp_p_self_action_press: 0.64
  endofexp_self_rating_neg: 0.00018876987786087092
  endofexp_self_rating_pos: 0.9679840420067592
  endofexp_self_rating_zero: 0.031827188115379816
