results:
  endofexp_other_rating_neg: 0.3740869145229059
  endofexp_other_rating_pos: 0.23738583995355145
  endofexp_other_rating_zero: 0.3885272455235427
  endofexp_p_self_action_press: 0.56
  endofexp_self_rating_neg: 0.4779721543940615
  endofexp_self_rating_pos: 0.1518797838097116
  endofexp_self_rating_zero: 0.3701480617962269
