results:
  endofexp_other_rating_neg: 0.16731177177408896
  endofexp_other_rating_pos: 0.4660259653079549
  endofexp_other_rating_zero: 0.36666226291795617
  endofexp_p_self_action_press: 0.52
  endofexp_self_rating_neg: 0.3659206555480311
  endofexp_self_rating_pos: 0.2698048519693865
  endofexp_self_rating_zero: 0.3642744924825824
