results:
  endofexp_other_rating_neg: 0.20743532266970724
  endofexp_other_rating_pos: 0.273861765672876
  endofexp_other_rating_zero: 0.5187029116574168
  endofexp_p_self_action_press: 0.6
  endofexp_self_rating_neg: 0.00015904759116958317
  endofexp_self_rating_pos: 0.9761870782450719
  endofexp_self_rating_zero: 0.023653874163758616
