results:
  endofexp_other_rating_neg: 0.3480570103164512
  endofexp_other_rating_pos: 0.3082586236605868
  endofexp_other_rating_zero: 0.34368436602296204
  endofexp_p_self_action_press: 0.48
  endofexp_self_rating_neg: 0.31200684773521986
  endofexp_self_rating_pos: 0.31974424101077287
  endofexp_self_rating_zero: 0.3682489112540072
