results:
  endofexp_other_rating_neg: 0.42557891312287943
  endofexp_other_rating_pos: 0.1114253661408525
  endofexp_other_rating_zero: 0.4629957207362681
  endofexp_p_self_action_press: 0.32
  endofexp_self_rating_neg: 0.9753891625162264
  endofexp_self_rating_pos: 0.00026115545914644466
  endofexp_self_rating_zero: 0.024349682024627277
