results:
  endofexp_other_rating_neg: 0.008457626893472651
  endofexp_other_rating_pos: 0.9010000492462298
  endofexp_other_rating_zero: 0.09054232386029765
  endofexp_p_self_action_press: 0.08
  endofexp_self_rating_neg: 0.16684204170119957
  endofexp_self_rating_pos: 0.425711931003014
  endofexp_self_rating_zero: 0.4074460272957865
