results:
  endofexp_other_rating_neg: 0.3889060271931741
  endofexp_other_rating_pos: 0.26737207151373477
  endofexp_other_rating_zero: 0.3437219012930911
  endofexp_p_self_action_press: 0.44
  endofexp_self_rating_neg: 0.20510775334694226
  endofexp_self_rating_pos: 0.42478019394832606
  endofexp_self_rating_zero: 0.37011205270473174
