results:
  endofexp_other_rating_neg: 0.0675364545359708
  endofexp_other_rating_pos: 0.5056309574392414
  endofexp_other_rating_zero: 0.4268325880247879
  endofexp_p_self_action_press: 0.28
  endofexp_self_rating_neg: 0.9647765510071885
  endofexp_self_rating_pos: 0.00043327580137920757
  endofexp_self_rating_zero: 0.034790173191432315
