results:
  endofexp_other_rating_neg: 0.947618969587791
  endofexp_other_rating_pos: 0.0002732028014647813
  endofexp_other_rating_zero: 0.05210782761074418
  endofexp_p_self_action_press: 0.08
  endofexp_self_rating_neg: 0.15317156999955225
  endofexp_self_rating_pos: 0.33360050905372846
  endofexp_self_rating_zero: 0.5132279209467193
