results:
  endofexp_other_rating_neg: 0.3283915493516843
  endofexp_other_rating_pos: 0.27743293259546403
  endofexp_other_rating_zero: 0.3941755180528516
  endofexp_p_self_action_press: 0.48
  endofexp_self_rating_neg: 0.2580265007791736
  endofexp_self_rating_pos: 0.27774710573820477
  endofexp_self_rating_zero: 0.4642263934826217
