results:
  endofexp_other_rating_neg: 0.4663665302439586
  endofexp_other_rating_pos: 0.1821990573705549
  endofexp_other_rating_zero: 0.3514344123854864
  endofexp_p_self_action_press: 0.44
  endofexp_self_rating_neg: 0.1376907320845114
  endofexp_self_rating_pos: 0.5117846865414573
  endofexp_self_rating_zero: 0.3505245813740313
