results:
  endofexp_other_rating_neg: 0.5310775639875606
  endofexp_other_rating_pos: 0.062301676912375814
  endofexp_other_rating_zero: 0.40662075910006373
  endofexp_p_self_action_press: 0.64
  endofexp_self_rating_neg: 2.175970487825755e-05
  endofexp_self_rating_pos: 0.9821753959145221
  endofexp_self_rating_zero: 0.017802844380599637
