results:
  endofexp_other_rating_neg: 0.004830389360195171
  endofexp_other_rating_pos: 0.9308070380649242
  endofexp_other_rating_zero: 0.06436257257488072
  endofexp_p_self_action_press: 0.08
  endofexp_self_rating_neg: 0.10694783278960862
  endofexp_self_rating_pos: 0.5295488033671066
  endofexp_self_rating_zero: 0.36350336384328474
