results:
  endofexp_other_rating_neg: 0.843064479204751
  endofexp_other_rating_pos: 0.0037238301183576757
  endofexp_other_rating_zero: 0.15321169067689136
  endofexp_p_self_action_press: 0.12
  endofexp_self_rating_neg: 0.28842244188964544
  endofexp_self_rating_pos: 0.0963247501123773
  endofexp_self_rating_zero: 0.6152528079979773
