results:
  endofexp_other_rating_neg: 0.4674912128536008
  endofexp_other_rating_pos: 0.079693366083089
  endofexp_other_rating_zero: 0.4528154210633103
  endofexp_p_self_action_press: 0.6
  endofexp_self_rating_neg: 0.0003152606970394846
  endofexp_self_rating_pos: 0.9697351476645968
  endofexp_self_rating_zero: 0.02994959163836378
