results:
  endofexp_other_rating_neg: 0.3093863102453726
  endofexp_other_rating_pos: 0.3388088402375594
  endofexp_other_rating_zero: 0.3518048495170679
  endofexp_p_self_action_press: 0.48
  endofexp_self_rating_neg: 0.27623983217476566
  endofexp_self_rating_pos: 0.262717764348399
  endofexp_self_rating_zero: 0.4610424034768353
