results:
  endofexp_other_rating_neg: 0.19926300835952637
  endofexp_other_rating_pos: 0.46089825852343186
  endofexp_other_rating_zero: 0.3398387331170418
  endofexp_p_self_action_press: 0.28
  endofexp_self_rating_neg: 0.9925386376900331
  endofexp_self_rating_pos: 1.2572662595517686e-05
  endofexp_self_rating_zero: 0.007448789647371269
