results:
  endofexp_other_rating_neg: 0.9566844551251166
  endofexp_other_rating_pos: 0.0003927293804224561
  endofexp_other_rating_zero: 0.04292281549446092
  endofexp_p_self_action_press: 0.08
  endofexp_self_rating_neg: 0.19342428433493047
  endofexp_self_rating_pos: 0.34642511668379694
  endofexp_self_rating_zero: 0.46015059898127253
