results:
  endofexp_other_rating_neg: 0.3619250343920252
  endofexp_other_rating_pos: 0.2839342631352967
  endofexp_other_rating_zero: 0.35414070247267815
  endofexp_p_self_action_press: 0.64
  endofexp_self_rating_neg: 8.504896720425282e-06
  endofexp_self_rating_pos: 0.9935049477433641
  endofexp_self_rating_zero: 0.006486547359915478
