results:
  endofexp_other_rating_neg: 0.0003818498388024257
  endofexp_other_rating_pos: 0.9589257383370655
  endofexp_other_rating_zero: 0.0406924118241321
  endofexp_p_self_action_press: 0.08
  endofexp_self_rating_neg: 0.3086256883529225
  endofexp_self_rating_pos: 0.2175135459500834
  endofexp_self_rating_zero: 0.47386076569699415
