results:
  endofexp_other_rating_neg: 0.01690729400386336
  endofexp_other_rating_pos: 0.8035742105826402
  endofexp_other_rating_zero: 0.17951849541349635
  endofexp_p_self_action_press: 0.08
  endofexp_self_rating_neg: 0.5351613853958204
  endofexp_self_rating_pos: 0.0403115176966724
  endofexp_self_rating_zero: 0.42452709690750734
