results:
  endofexp_other_rating_neg: 0.3791295882545051
  endofexp_other_rating_pos: 0.26681202762331846
  endofexp_other_rating_zero: 0.35405838412217655
  endofexp_p_self_action_press: 0.44
  endofexp_self_rating_neg: 0.20979989815877448
  endofexp_self_rating_pos: 0.40289489894518404
  endofexp_self_rating_zero: 0.38730520289604153
