results:
  endofexp_other_rating_neg: 0.3426393909202802
  endofexp_other_rating_pos: 0.1508498469236913
  endofexp_other_rating_zero: 0.5065107621560285
  endofexp_p_self_action_press: 0.36
  endofexp_self_rating_neg: 0.9740868306725937
  endofexp_self_rating_pos: 0.00023213725945199466
  endofexp_self_rating_zero: 0.02568103206795423
