results:
  endofexp_other_rating_neg: 0.2609799266475058
  endofexp_other_rating_pos: 0.19723851049539337
  endofexp_other_rating_zero: 0.5417815628571009
  endofexp_p_self_action_press: 0.6
  endofexp_self_rating_neg: 0.00019347282786996394
  endofexp_self_rating_pos: 0.9706039211855454
  endofexp_self_rating_zero: 0.029202605986584744
