results:
  endofexp_other_rating_neg: 0.5893192147532696
  endofexp_other_rating_pos: 0.20963079766193493
  endofexp_other_rating_zero: 0.20104998758479536
  endofexp_p_self_action_press: 0.48
  endofexp_self_rating_neg: 0.24241978033469608
  endofexp_self_rating_pos: 0.5192776181137232
  endofexp_self_rating_zero: 0.2383026015515807
