results:
  endofexp_other_rating_neg: 0.2763357196558164
  endofexp_other_rating_pos: 0.33458735432414227
  endofexp_other_rating_zero: 0.3890769260200414
  endofexp_p_self_action_press: 0.76
  endofexp_self_rating_neg: 0.020957701372374363
  endofexp_self_rating_pos: 0.7811778701479769
  endofexp_self_rating_zero: 0.19786442847964875
