results:
  endofexp_other_rating_neg: 0.9539703902313544
  endofexp_other_rating_pos: 0.0004474733595996271
  endofexp_other_rating_zero: 0.045582136409045786
  endofexp_p_self_action_press: 0.08
  endofexp_self_rating_neg: 0.3737509357958696
  endofexp_self_rating_pos: 0.17268602686337745
  endofexp_self_rating_zero: 0.453563037340753
