results:
  endofexp_other_rating_neg: 0.4109926784725213
  endofexp_other_rating_pos: 0.11463964672848637
  endofexp_other_rating_zero: 0.4743676747989922
  endofexp_p_self_action_press: 0.32
  endofexp_self_rating_neg: 0.9691754736587674
  endofexp_self_rating_pos: 0.00025198055285892114
  endofexp_self_rating_zero: 0.03057254578837356
