results:
  endofexp_other_rating_neg: 0.08766174902321436
  endofexp_other_rating_pos: 0.2932954074341592
  endofexp_other_rating_zero: 0.6190428435426265
  endofexp_p_self_action_press: 0.28
  endofexp_self_rating_neg: 0.9477906661621345
  endofexp_self_rating_pos: 0.00019501299926375512
  endofexp_self_rating_zero: 0.05201432083860179
