results:
  endofexp_other_rating_neg: 0.09886299411334637
  endofexp_other_rating_pos: 0.39280085378711843
  endofexp_other_rating_zero: 0.5083361520995353
  endofexp_p_self_action_press: 0.56
  endofexp_self_rating_neg: 0.00030485909559471204
  endofexp_self_rating_pos: 0.9642573309920371
  endofexp_self_rating_zero: 0.03543780991236805
