results:
  endofexp_other_rating_neg: 5.968799819726422e-05
  endofexp_other_rating_pos: 0.9937617197851656
  endofexp_other_rating_zero: 0.0061785922166371675
  endofexp_p_self_action_press: 0.2
  endofexp_self_rating_neg: 0.11325232087958005
  endofexp_self_rating_pos: 0.10300992893260896
  endofexp_self_rating_zero: 0.783737750187811
