results:
  endofexp_other_rating_neg: 0.1868500460230927
  endofexp_other_rating_pos: 0.42712781613453443
  endofexp_other_rating_zero: 0.38602213784237294
  endofexp_p_self_action_press: 0.52
  endofexp_self_rating_neg: 0.06468640684990253
  endofexp_self_rating_pos: 0.6720126417888527
  endofexp_self_rating_zero: 0.2633009513612449
