results:
  endofexp_other_rating_neg: 0.2689907605002911
  endofexp_other_rating_pos: 0.38418351160051845
  endofexp_other_rating_zero: 0.3468257278991905
  endofexp_p_self_action_press: 0.48
  endofexp_self_rating_neg: 0.33201215049146576
  endofexp_self_rating_pos: 0.3259293581555222
  endofexp_self_rating_zero: 0.342058491353012
