results:
  endofexp_other_rating_neg: 0.4215664206697003
  endofexp_other_rating_pos: 0.20072812415199734
  endofexp_other_rating_zero: 0.37770545517830245
  endofexp_p_self_action_press: 0.2
  endofexp_self_rating_neg: 0.7379145630330023
  endofexp_self_rating_pos: 0.038001386609067364
  endofexp_self_rating_zero: 0.22408405035793041
