results:
  endofexp_other_rating_neg: 0.24732757192064392
  endofexp_other_rating_pos: 0.40956023737411634
  endofexp_other_rating_zero: 0.34311219070523963
  endofexp_p_self_action_press: 0.48
  endofexp_self_rating_neg: 0.35018984209953463
  endofexp_self_rating_pos: 0.26984534257587883
  endofexp_self_rating_zero: 0.37996481532458654
