results:
  endofexp_other_rating_neg: 0.14183648484975384
  endofexp_other_rating_pos: 0.4893539129133967
  endofexp_other_rating_zero: 0.3688096022368495
  endofexp_p_self_action_press: 0.48
  endofexp_self_rating_neg: 0.12634030877952002
  endofexp_self_rating_pos: 0.5639947135500938
  endofexp_self_rating_zero: 0.30966497767038614
