results:
  endofexp_other_rating_neg: 0.7581131780445075
  endofexp_other_rating_pos: 0.021302489044985773
  endofexp_other_rating_zero: 0.2205843329105069
  endofexp_p_self_action_press: 0.08
  endofexp_self_rating_neg: 0.7522509848524529
  endofexp_self_rating_pos: 0.0032858295886366825
  endofexp_self_rating_zero: 0.24446318555891045
