results:
  endofexp_other_rating_neg: 0.8986191552908006
  endofexp_other_rating_pos: 0.0012600222870868907
  endofexp_other_rating_zero: 0.10012082242211248
  endofexp_p_self_action_press: 0.04
  endofexp_self_rating_neg: 0.6460180109083257
  endofexp_self_rating_pos: 0.0248644984185483
  endofexp_self_rating_zero: 0.32911749067312607
