results:
  endofexp_other_rating_neg: 0.3991356842633519
  endofexp_other_rating_pos: 0.2604303050967165
  endofexp_other_rating_zero: 0.3404340106399317
  endofexp_p_self_action_press: 0.28
  endofexp_self_rating_neg: 0.9937227584506411
  endofexp_self_rating_pos: 1.8272946773565014e-05
  endofexp_self_rating_zero: 0.006258968602585327
