results:
  endofexp_other_rating_neg: 0.9529720669801223
  endofexp_other_rating_pos: 0.0004149843945513427
  endofexp_other_rating_zero: 0.0466129486253264
  endofexp_p_self_action_press: 0.08
  endofexp_self_rating_neg: 0.03725726213149673
  endofexp_self_rating_pos: 0.6536745991208062
  endofexp_self_rating_zero: 0.3090681387476972
