results:
  endofexp_other_rating_neg: 0.509796541713596
  endofexp_other_rating_pos: 0.16139094645460997
  endofexp_other_rating_zero: 0.32881251183179394
  endofexp_p_self_action_press: 0.64
  endofexp_self_rating_neg: 3.075165001681659e-06
  endofexp_self_rating_pos: 0.9961717405180733
  endofexp_self_rating_zero: 0.0038251843169249808
