results:
  endofexp_other_rating_neg: 0.2313491673184291
  endofexp_other_rating_pos: 0.18867159702549624
  endofexp_other_rating_zero: 0.5799792356560747
  endofexp_p_self_action_press: 0.64
  endofexp_self_rating_neg: 0.00019171615821030727
  endofexp_self_rating_pos: 0.9668790315058365
  endofexp_self_rating_zero: 0.03292925233595325
