results:
  endofexp_other_rating_neg: 0.39633694901469413
  endofexp_other_rating_pos: 0.22022491180962914
  endofexp_other_rating_zero: 0.3834381391756769
  endofexp_p_self_action_press: 0.24
  endofexp_self_rating_neg: 0.7617163292653047
  endofexp_self_rating_pos: 0.029463402073342825
  endofexp_self_rating_zero: 0.20882026866135245
