results:
  endofexp_other_rating_neg: 0.7730896912931826
  endofexp_other_rating_pos: 0.025092851581837293
  endofexp_other_rating_zero: 0.20181745712498
  endofexp_p_self_action_press: 0.08
  endofexp_self_rating_neg: 0.7069647187678424
  endofexp_self_rating_pos: 0.009713038604876595
  endofexp_self_rating_zero: 0.2833222426272812
