results:
  endofexp_other_rating_neg: 0.10218310986236696
  endofexp_other_rating_pos: 0.4365660572843398
  endofexp_other_rating_zero: 0.46125083285329327
  endofexp_p_self_action_press: 0.36
  endofexp_self_rating_neg: 0.9702105795299824
  endofexp_self_rating_pos: 0.0002793871724559429
  endofexp_self_rating_zero: 0.029510033297561664
