results:
  endofexp_other_rating_neg: 0.2821656588213362
  endofexp_other_rating_pos: 0.23662337600476407
  endofexp_other_rating_zero: 0.48121096517389966
  endofexp_p_self_action_press: 0.32
  endofexp_self_rating_neg: 0.9722852057766719
  endofexp_self_rating_pos: 0.0004529583950867603
  endofexp_self_rating_zero: 0.02726183582824126
