results:
  endofexp_other_rating_neg: 0.9543080801864376
  endofexp_other_rating_pos: 0.00039169188669110227
  endofexp_other_rating_zero: 0.04530022792687123
  endofexp_p_self_action_press: 0.08
  endofexp_self_rating_neg: 0.23573781001645341
  endofexp_self_rating_pos: 0.2923863630673563
  endofexp_self_rating_zero: 0.4718758269161901
