results:
  endofexp_other_rating_neg: 0.012334945573860525
  endofexp_other_rating_pos: 0.6916186828470449
  endofexp_other_rating_zero: 0.2960463715790946
  endofexp_p_self_action_press: 0.56
  endofexp_self_rating_neg: 0.9488859395550795
  endofexp_self_rating_pos: 0.0007333650879577826
  endofexp_self_rating_zero: 0.05038069535696262
