results:
  endofexp_other_rating_neg: 0.016208811795597813
  endofexp_other_rating_pos: 0.4769215765123805
  endofexp_other_rating_zero: 0.5068696116920216
  endofexp_p_self_action_press: 0.4
  endofexp_self_rating_neg: 0.9875636143687175
  endofexp_self_rating_pos: 0.00014146604936103957
  endofexp_self_rating_zero: 0.012294919581921472
