results:
  endofexp_other_rating_neg: 0.35484020305296676
  endofexp_other_rating_pos: 0.32267856559482816
  endofexp_other_rating_zero: 0.3224812313522051
  endofexp_p_self_action_press: 0.28
  endofexp_self_rating_neg: 0.9930661921052908
  endofexp_self_rating_pos: 3.371441895284601e-05
  endofexp_self_rating_zero: 0.006900093475756295
