results:
  endofexp_other_rating_neg: 0.2970147022869065
  endofexp_other_rating_pos: 0.3397708981811628
  endofexp_other_rating_zero: 0.36321439953193063
  endofexp_p_self_action_press: 0.48
  endofexp_self_rating_neg: 0.27994167474758036
  endofexp_self_rating_pos: 0.3673659424712171
  endofexp_self_rating_zero: 0.3526923827812025
