results:
  endofexp_other_rating_neg: 0.3432276739234203
  endofexp_other_rating_pos: 0.28615828801724724
  endofexp_other_rating_zero: 0.37061403805933246
  endofexp_p_self_action_press: 0.76
  endofexp_self_rating_neg: 0.06781380688838146
  endofexp_self_rating_pos: 0.6708668194061813
  endofexp_self_rating_zero: 0.26131937370543723
