results:
  endofexp_other_rating_neg: 0.05766191831156423
  endofexp_other_rating_pos: 0.5169903492973867
  endofexp_other_rating_zero: 0.42534773239104895
  endofexp_p_self_action_press: 0.64
  endofexp_self_rating_neg: 0.0002911760987535551
  endofexp_self_rating_pos: 0.9705038019980872
  endofexp_self_rating_zero: 0.029205021903159333
