results:
  endofexp_other_rating_neg: 0.31249254756584466
  endofexp_other_rating_pos: 0.19575481791217775
  endofexp_other_rating_zero: 0.49175263452197754
  endofexp_p_self_action_press: 0.36
  endofexp_self_rating_neg: 0.9707438944976392
  endofexp_self_rating_pos: 0.000395071602370924
  endofexp_self_rating_zero: 0.02886103389998972
