results:
  endofexp_other_rating_neg: 0.2792950171437944
  endofexp_other_rating_pos: 0.3810601200050207
  endofexp_other_rating_zero: 0.33964486285118495
  endofexp_p_self_action_press: 0.48
  endofexp_self_rating_neg: 0.09863262601774397
  endofexp_self_rating_pos: 0.382299095850914
  endofexp_self_rating_zero: 0.5190682781313419
