results:
  endofexp_other_rating_neg: 0.9583204871227519
  endofexp_other_rating_pos: 0.0003844070393787274
  endofexp_other_rating_zero: 0.041295105837869266
  endofexp_p_self_action_press: 0.08
  endofexp_self_rating_neg: 0.1989984793091093
  endofexp_self_rating_pos: 0.3285772513739345
  endofexp_self_rating_zero: 0.47242426931695625
