results:
  endofexp_other_rating_neg: 0.4022924092301712
  endofexp_other_rating_pos: 0.23904808549113302
  endofexp_other_rating_zero: 0.3586595052786958
  endofexp_p_self_action_press: 0.6
  endofexp_self_rating_neg: 0.36367379944110895
  endofexp_self_rating_pos: 0.26839664484052506
  endofexp_self_rating_zero: 0.367929555718366
