results:
  endofexp_other_rating_neg: 0.14049986305798814
  endofexp_other_rating_pos: 0.24182617458402975
  endofexp_other_rating_zero: 0.6176739623579821
  endofexp_p_self_action_press: 0.28
  endofexp_self_rating_neg: 0.9528930660110382
  endofexp_self_rating_pos: 0.0002471797509520649
  endofexp_self_rating_zero: 0.04685975423800988
