results:
  endofexp_other_rating_neg: 0.9658625249821969
  endofexp_other_rating_pos: 0.00035947795636467916
  endofexp_other_rating_zero: 0.033777997061438435
  endofexp_p_self_action_press: 0.08
  endofexp_self_rating_neg: 0.07474538736328502
  endofexp_self_rating_pos: 0.6020876828033918
  endofexp_self_rating_zero: 0.3231669298333233
