results:
  endofexp_other_rating_neg: 0.20142568962009366
  endofexp_other_rating_pos: 0.2825853249869178
  endofexp_other_rating_zero: 0.5159889853929885
  endofexp_p_self_action_press: 0.32
  endofexp_self_rating_neg: 0.9727440812909962
  endofexp_self_rating_pos: 0.0002783020057274737
  endofexp_self_rating_zero: 0.026977616703276353
