results:
  endofexp_other_rating_neg: 0.5136998517659639
  endofexp_other_rating_pos: 0.05636913555748779
  endofexp_other_rating_zero: 0.4299310126765482
  endofexp_p_self_action_press: 0.64
  endofexp_self_rating_neg: 0.00034913034217629317
  endofexp_self_rating_pos: 0.9673636730822488
  endofexp_self_rating_zero: 0.03228719657557482
