results:
  endofexp_other_rating_neg: 0.006067673041762957
  endofexp_other_rating_pos: 0.8639688481208516
  endofexp_other_rating_zero: 0.1299634788373854
  endofexp_p_self_action_press: 0.8
  endofexp_self_rating_neg: 0.021804904456853718
  endofexp_self_rating_pos: 0.5281226160972461
  endofexp_self_rating_zero: 0.4500724794459003
