results:
  endofexp_other_rating_neg: 0.010631464913230337
  endofexp_other_rating_pos: 0.8367534578077525
  endofexp_other_rating_zero: 0.15261507727901724
  endofexp_p_self_action_press: 0.12
  endofexp_self_rating_neg: 0.11558752328986352
  endofexp_self_rating_pos: 0.32083981978723103
  endofexp_self_rating_zero: 0.5635726569229055
