results:
  endofexp_other_rating_neg: 0.0007333861272587181
  endofexp_other_rating_pos: 0.9332266328119379
  endofexp_other_rating_zero: 0.06603998106080353
  endofexp_p_self_action_press: 0.08
  endofexp_self_rating_neg: 0.6685698385223745
  endofexp_self_rating_pos: 0.029241663055782338
  endofexp_self_rating_zero: 0.3021884984218432
