results:
  endofexp_other_rating_neg: 0.957971655680601
  endofexp_other_rating_pos: 0.00042239215714179107
  endofexp_other_rating_zero: 0.041605952162257286
  endofexp_p_self_action_press: 0.08
  endofexp_self_rating_neg: 0.37776614580498835
  endofexp_self_rating_pos: 0.1635389704922721
  endofexp_self_rating_zero: 0.4586948837027395
