results:
  endofexp_other_rating_neg: 0.2738065628425598
  endofexp_other_rating_pos: 0.37945120544052613
  endofexp_other_rating_zero: 0.3467422317169141
  endofexp_p_self_action_press: 0.48
  endofexp_self_rating_neg: 0.32974399455330994
  endofexp_self_rating_pos: 0.31973740295104813
  endofexp_self_rating_zero: 0.350518602495642
