results:
  endofexp_other_rating_neg: 0.35173616131467195
  endofexp_other_rating_pos: 0.30067743345936615
  endofexp_other_rating_zero: 0.3475864052259619
  endofexp_p_self_action_press: 0.56
  endofexp_self_rating_neg: 0.5993063330073365
  endofexp_self_rating_pos: 0.08108406160177467
  endofexp_self_rating_zero: 0.3196096053908889
