results:
  endofexp_other_rating_neg: 0.20227040943070143
  endofexp_other_rating_pos: 0.27357106746638654
  endofexp_other_rating_zero: 0.524158523102912
  endofexp_p_self_action_press: 0.64
  endofexp_self_rating_neg: 0.00018243067810373798
  endofexp_self_rating_pos: 0.976665066189137
  endofexp_self_rating_zero: 0.023152503132759347
