results:
  endofexp_other_rating_neg: 0.9501833246968653
  endofexp_other_rating_pos: 0.0005625528298206919
  endofexp_other_rating_zero: 0.04925412247331394
  endofexp_p_self_action_press: 0.08
  endofexp_self_rating_neg: 0.4324316706730863
  endofexp_self_rating_pos: 0.12881324616278617
  endofexp_self_rating_zero: 0.43875508316412754
