results:
  endofexp_other_rating_neg: 0.42769960867439544
  endofexp_other_rating_pos: 0.22835564915330236
  endofexp_other_rating_zero: 0.34394474217230214
  endofexp_p_self_action_press: 0.52
  endofexp_self_rating_neg: 0.46079125719956926
  endofexp_self_rating_pos: 0.19373977033496811
  endofexp_self_rating_zero: 0.34546897246546265
