results:
  endofexp_other_rating_neg: 0.9720305726862775
  endofexp_other_rating_pos: 0.0004096069184721338
  endofexp_other_rating_zero: 0.027559820395250376
  endofexp_p_self_action_press: 0.92
  endofexp_self_rating_neg: 0.08727661731492903
  endofexp_self_rating_pos: 0.6175705849069213
  endofexp_self_rating_zero: 0.2951527977781496
