results:
  endofexp_other_rating_neg: 0.11393822339648799
  endofexp_other_rating_pos: 0.31562658902762913
  endofexp_other_rating_zero: 0.5704351875758829
  endofexp_p_self_action_press: 0.36
  endofexp_self_rating_neg: 0.9609259438941954
  endofexp_self_rating_pos: 0.00023033403173779098
  endofexp_self_rating_zero: 0.03884372207406691
