results:
  endofexp_other_rating_neg: 0.3357267234807766
  endofexp_other_rating_pos: 0.15871994673722037
  endofexp_other_rating_zero: 0.5055533297820031
  endofexp_p_self_action_press: 0.64
  endofexp_self_rating_neg: 0.0001654201332094438
  endofexp_self_rating_pos: 0.9748559143040714
  endofexp_self_rating_zero: 0.024978665562719018
