results:
  endofexp_other_rating_neg: 0.27701402759352317
  endofexp_other_rating_pos: 0.15884228547592202
  endofexp_other_rating_zero: 0.5641436869305548
  endofexp_p_self_action_press: 0.64
  endofexp_self_rating_neg: 0.00017162624353925154
  endofexp_self_rating_pos: 0.9697461511515798
  endofexp_self_rating_zero: 0.03008222260488097
