results:
  endofexp_other_rating_neg: 0.10197052792021666
  endofexp_other_rating_pos: 0.36557290552175076
  endofexp_other_rating_zero: 0.5324565665580326
  endofexp_p_self_action_press: 0.6
  endofexp_self_rating_neg: 0.00010957690242105937
  endofexp_self_rating_pos: 0.9769847602178833
  endofexp_self_rating_zero: 0.02290566287969572
