results:
  endofexp_other_rating_neg: 0.9546715681293861
  endofexp_other_rating_pos: 0.00042430799603423183
  endofexp_other_rating_zero: 0.044904123874579614
  endofexp_p_self_action_press: 0.08
  endofexp_self_rating_neg: 0.3563233917369882
  endofexp_self_rating_pos: 0.18628512605139622
  endofexp_self_rating_zero: 0.4573914822116156
