results:
  endofexp_other_rating_neg: 0.18010472275433562
  endofexp_other_rating_pos: 0.24501199942765178
  endofexp_other_rating_zero: 0.5748832778180126
  endofexp_p_self_action_press: 0.64
  endofexp_self_rating_neg: 0.00014599838654060944
  endofexp_self_rating_pos: 0.9686337418890341
  endofexp_self_rating_zero: 0.03122025972442536
