results:
  endofexp_other_rating_neg: 0.9478135912460405
  endofexp_other_rating_pos: 0.0005104750060327666
  endofexp_other_rating_zero: 0.051675933747926686
  endofexp_p_self_action_press: 0.08
  endofexp_self_rating_neg: 0.10584829604936213
  endofexp_self_rating_pos: 0.48722078825501924
  endofexp_self_rating_zero: 0.4069309156956187
