results:
  endofexp_other_rating_neg: 0.2481213878786467
  endofexp_other_rating_pos: 0.40162985033675136
  endofexp_other_rating_zero: 0.35024876178460196
  endofexp_p_self_action_press: 0.64
  endofexp_self_rating_neg: 7.604029756376983e-06
  endofexp_self_rating_pos: 0.9937802173912071
  endofexp_self_rating_zero: 0.00621217857903654
