results:
  endofexp_other_rating_neg: 0.9501009958255908
  endofexp_other_rating_pos: 0.0003570869123595965
  endofexp_other_rating_zero: 0.04954191726204941
  endofexp_p_self_action_press: 0.12
  endofexp_self_rating_neg: 0.03905142440088062
  endofexp_self_rating_pos: 0.6277102356116511
  endofexp_self_rating_zero: 0.3332383399874682
