results:
  endofexp_other_rating_neg: 0.3486119893501745
  endofexp_other_rating_pos: 0.13348209335895994
  endofexp_other_rating_zero: 0.5179059172908655
  endofexp_p_self_action_press: 0.64
  endofexp_self_rating_neg: 0.0002083033337938808
  endofexp_self_rating_pos: 0.9712985067696029
  endofexp_self_rating_zero: 0.028493189896603047
