results:
  endofexp_other_rating_neg: 0.15378674825878588
  endofexp_other_rating_pos: 0.232181637136719
  endofexp_other_rating_zero: 0.6140316146044952
  endofexp_p_self_action_press: 0.28
  endofexp_self_rating_neg: 0.9599724083296042
  endofexp_self_rating_pos: 0.00017372916635538597
  endofexp_self_rating_zero: 0.03985386250404056
