results:
  endofexp_other_rating_neg: 0.37930449925075854
  endofexp_other_rating_pos: 0.1244987794732936
  endofexp_other_rating_zero: 0.49619672127594794
  endofexp_p_self_action_press: 0.64
  endofexp_self_rating_neg: 0.00021182059850915016
  endofexp_self_rating_pos: 0.9747182547924625
  endofexp_self_rating_zero: 0.025069924609028363
