results:
  endofexp_other_rating_neg: 0.3581808640472284
  endofexp_other_rating_pos: 0.26930606721420824
  endofexp_other_rating_zero: 0.3725130687385635
  endofexp_p_self_action_press: 0.84
  endofexp_self_rating_neg: 0.06317521642281272
  endofexp_self_rating_pos: 0.6766978791065881
  endofexp_self_rating_zero: 0.26012690447059916
