results:
  endofexp_other_rating_neg: 0.00048628841210997107
  endofexp_other_rating_pos: 0.9576934331186552
  endofexp_other_rating_zero: 0.04182027846923482
  endofexp_p_self_action_press: 0.04
  endofexp_self_rating_neg: 0.5503909012568768
  endofexp_self_rating_pos: 0.09452161041474301
  endofexp_self_rating_zero: 0.3550874883283802
