results:
  endofexp_other_rating_neg: 0.3342256840193434
  endofexp_other_rating_pos: 0.26263072913642815
  endofexp_other_rating_zero: 0.40314358684422846
  endofexp_p_self_action_press: 0.44
  endofexp_self_rating_neg: 0.19629148477479794
  endofexp_self_rating_pos: 0.41117132258182537
  endofexp_self_rating_zero: 0.39253719264337666
