results:
  endofexp_other_rating_neg: 0.4198807845609765
  endofexp_other_rating_pos: 0.19212518302877174
  endofexp_other_rating_zero: 0.38799403241025177
  endofexp_p_self_action_press: 0.52
  endofexp_self_rating_neg: 0.20822365136185814
  endofexp_self_rating_pos: 0.39756683649543656
  endofexp_self_rating_zero: 0.3942095121427052
