results:
  endofexp_other_rating_neg: 0.5424107482406572
  endofexp_other_rating_pos: 0.05637171567584942
  endofexp_other_rating_zero: 0.4012175360834933
  endofexp_p_self_action_press: 0.32
  endofexp_self_rating_neg: 0.9693157117126467
  endofexp_self_rating_pos: 0.00016242324999488842
  endofexp_self_rating_zero: 0.03052186503735835
