results:
  endofexp_other_rating_neg: 0.20102639512980724
  endofexp_other_rating_pos: 0.27656167819302474
  endofexp_other_rating_zero: 0.5224119266771681
  endofexp_p_self_action_press: 0.32
  endofexp_self_rating_neg: 0.9776971259538413
  endofexp_self_rating_pos: 0.00016603432511112044
  endofexp_self_rating_zero: 0.022136839721047453
