results:
  endofexp_other_rating_neg: 0.23413406893226543
  endofexp_other_rating_pos: 0.2500094186550536
  endofexp_other_rating_zero: 0.515856512412681
  endofexp_p_self_action_press: 0.32
  endofexp_self_rating_neg: 0.9717172389298332
  endofexp_self_rating_pos: 0.0002468493584400718
  endofexp_self_rating_zero: 0.028035911711726782
