results:
  endofexp_other_rating_neg: 0.24323391866817567
  endofexp_other_rating_pos: 0.39891546937415623
  endofexp_other_rating_zero: 0.3578506119576682
  endofexp_p_self_action_press: 0.4
  endofexp_self_rating_neg: 0.35599164829751956
  endofexp_self_rating_pos: 0.26656994654781235
  endofexp_self_rating_zero: 0.37743840515466803
