results:
  endofexp_other_rating_neg: 0.16339195859693192
  endofexp_other_rating_pos: 0.37227238580146504
  endofexp_other_rating_zero: 0.46433565560160317
  endofexp_p_self_action_press: 0.4
  endofexp_self_rating_neg: 0.9728253442382657
  endofexp_self_rating_pos: 0.0003048092099996323
  endofexp_self_rating_zero: 0.02686984655173453
