results:
  endofexp_other_rating_neg: 0.9681985936848856
  endofexp_other_rating_pos: 0.0005962905212350741
  endofexp_other_rating_zero: 0.031205115793879388
  endofexp_p_self_action_press: 0.08
  endofexp_self_rating_neg: 0.1282636822277445
  endofexp_self_rating_pos: 0.5451247077214607
  endofexp_self_rating_zero: 0.3266116100507948
