results:
  endofexp_other_rating_neg: 0.23900036763815877
  endofexp_other_rating_pos: 0.405557437683513
  endofexp_other_rating_zero: 0.3554421946783283
  endofexp_p_self_action_press: 0.36
  endofexp_self_rating_neg: 0.328432759256469
  endofexp_self_rating_pos: 0.3203542144634838
  endofexp_self_rating_zero: 0.35121302628004725
