results:
  endofexp_other_rating_neg: 0.006115021133128658
  endofexp_other_rating_pos: 0.9252186738476798
  endofexp_other_rating_zero: 0.06866630501919167
  endofexp_p_self_action_press: 0.08
  endofexp_self_rating_neg: 0.13120816122978973
  endofexp_self_rating_pos: 0.4946916596281113
  endofexp_self_rating_zero: 0.374100179142099
