results:
  endofexp_other_rating_neg: 0.200730909630574
  endofexp_other_rating_pos: 0.34382588680930054
  endofexp_other_rating_zero: 0.45544320356012546
  endofexp_p_self_action_press: 0.64
  endofexp_self_rating_neg: 0.4276617689124227
  endofexp_self_rating_pos: 0.24238404205100986
  endofexp_self_rating_zero: 0.3299541890365675
