results:
  endofexp_other_rating_neg: 0.015387216643317811
  endofexp_other_rating_pos: 0.8089388786441347
  endofexp_other_rating_zero: 0.17567390471254732
  endofexp_p_self_action_press: 0.16
  endofexp_self_rating_neg: 0.008209913159085706
  endofexp_self_rating_pos: 0.7091652506449707
  endofexp_self_rating_zero: 0.2826248361959436
