results:
  endofexp_other_rating_neg: 0.11131280050609182
  endofexp_other_rating_pos: 0.5762871278573121
  endofexp_other_rating_zero: 0.312400071636596
  endofexp_p_self_action_press: 0.52
  endofexp_self_rating_neg: 0.23988475388986244
  endofexp_self_rating_pos: 0.438888904110068
  endofexp_self_rating_zero: 0.3212263420000695
