results:
  endofexp_other_rating_neg: 0.192162121402921
  endofexp_other_rating_pos: 0.30996571885445673
  endofexp_other_rating_zero: 0.49787215974262233
  endofexp_p_self_action_press: 0.68
  endofexp_self_rating_neg: 0.0006191077799885764
  endofexp_self_rating_pos: 0.9587496448538363
  endofexp_self_rating_zero: 0.04063124736617512
