results:
  endofexp_other_rating_neg: 6.0278868051515415e-05
  endofexp_other_rating_pos: 0.9938941239049237
  endofexp_other_rating_zero: 0.006045597227024872
  endofexp_p_self_action_press: 0.2
  endofexp_self_rating_neg: 0.04329386569185879
  endofexp_self_rating_pos: 0.22700202286102275
  endofexp_self_rating_zero: 0.7297041114471184
