results:
  endofexp_other_rating_neg: 0.42026982477008235
  endofexp_other_rating_pos: 0.192441587703864
  endofexp_other_rating_zero: 0.3872885875260537
  endofexp_p_self_action_press: 0.52
  endofexp_self_rating_neg: 0.19256945574819748
  endofexp_self_rating_pos: 0.4135454934601329
  endofexp_self_rating_zero: 0.3938850507916697
