results:
  endofexp_other_rating_neg: 0.00019886728526819763
  endofexp_other_rating_pos: 0.9613811727115027
  endofexp_other_rating_zero: 0.03841996000322917
  endofexp_p_self_action_press: 0.88
  endofexp_self_rating_neg: 0.055475949626455495
  endofexp_self_rating_pos: 0.5685090323949158
  endofexp_self_rating_zero: 0.37601501797862874
