results:
  endofexp_other_rating_neg: 5.1006922334288195e-05
  endofexp_other_rating_pos: 0.9941615200792929
  endofexp_other_rating_zero: 0.005787472998372838
  endofexp_p_self_action_press: 0.16
  endofexp_self_rating_neg: 0.2494464342310803
  endofexp_self_rating_pos: 0.03226433189382281
  endofexp_self_rating_zero: 0.7182892338750969
