results:
  endofexp_other_rating_neg: 0.20930993677690934
  endofexp_other_rating_pos: 0.2454770674495116
  endofexp_other_rating_zero: 0.5452129957735791
  endofexp_p_self_action_press: 0.64
  endofexp_self_rating_neg: 0.00020553790786551757
  endofexp_self_rating_pos: 0.9721748397775811
  endofexp_self_rating_zero: 0.027619622314553286
