results:
  endofexp_other_rating_neg: 0.20288192306193548
  endofexp_other_rating_pos: 0.46792718587963406
  endofexp_other_rating_zero: 0.3291908910584306
  endofexp_p_self_action_press: 0.44
  endofexp_self_rating_neg: 0.1543710954115101
  endofexp_self_rating_pos: 0.45940177815873845
  endofexp_self_rating_zero: 0.38622712642975154
