results:
  endofexp_other_rating_neg: 0.005931078218028137
  endofexp_other_rating_pos: 0.9311826678601836
  endofexp_other_rating_zero: 0.06288625392178825
  endofexp_p_self_action_press: 0.08
  endofexp_self_rating_neg: 0.0870688729115735
  endofexp_self_rating_pos: 0.5815152612539256
  endofexp_self_rating_zero: 0.33141586583450094
