results:
  endofexp_other_rating_neg: 0.0004583224849776004
  endofexp_other_rating_pos: 0.9528791607382973
  endofexp_other_rating_zero: 0.04666251677672516
  endofexp_p_self_action_press: 0.08
  endofexp_self_rating_neg: 0.4762915961000307
  endofexp_self_rating_pos: 0.10054186255956987
  endofexp_self_rating_zero: 0.42316654134039944
