results:
  endofexp_other_rating_neg: 0.42924514182943957
  endofexp_other_rating_pos: 0.21224499481966527
  endofexp_other_rating_zero: 0.35850986335089513
  endofexp_p_self_action_press: 0.48
  endofexp_self_rating_neg: 0.5319956795289182
  endofexp_self_rating_pos: 0.14698220941494644
  endofexp_self_rating_zero: 0.3210221110561353
