results:
  endofexp_other_rating_neg: 0.381048656786281
  endofexp_other_rating_pos: 0.13062023443460288
  endofexp_other_rating_zero: 0.48833110877911606
  endofexp_p_self_action_press: 0.28
  endofexp_self_rating_neg: 0.9674823353865343
  endofexp_self_rating_pos: 0.00037517662521437773
  endofexp_self_rating_zero: 0.03214248798825143
