results:
  endofexp_other_rating_neg: 0.40109023512136943
  endofexp_other_rating_pos: 0.24834722432736042
  endofexp_other_rating_zero: 0.3505625405512703
  endofexp_p_self_action_press: 0.64
  endofexp_self_rating_neg: 1.0028708976206447e-05
  endofexp_self_rating_pos: 0.9928789590672523
  endofexp_self_rating_zero: 0.007111012223771579
