results:
  endofexp_other_rating_neg: 0.332594278546588
  endofexp_other_rating_pos: 0.3097772554224967
  endofexp_other_rating_zero: 0.35762846603091536
  endofexp_p_self_action_press: 0.44
  endofexp_self_rating_neg: 0.5190478965027346
  endofexp_self_rating_pos: 0.09161083058760594
  endofexp_self_rating_zero: 0.3893412729096594
