results:
  endofexp_other_rating_neg: 0.13773510844460343
  endofexp_other_rating_pos: 0.36595245486644756
  endofexp_other_rating_zero: 0.496312436688949
  endofexp_p_self_action_press: 0.32
  endofexp_self_rating_neg: 0.9704333961932812
  endofexp_self_rating_pos: 0.000312697828208421
  endofexp_self_rating_zero: 0.02925390597851043
