results:
  endofexp_other_rating_neg: 0.19917981603053037
  endofexp_other_rating_pos: 0.27942393475965566
  endofexp_other_rating_zero: 0.521396249209814
  endofexp_p_self_action_press: 0.64
  endofexp_self_rating_neg: 0.00023473296687830775
  endofexp_self_rating_pos: 0.9743528044456442
  endofexp_self_rating_zero: 0.025412462587477338
