results:
  endofexp_other_rating_neg: 0.11133095341261812
  endofexp_other_rating_pos: 0.5927880367122139
  endofexp_other_rating_zero: 0.2958810098751679
  endofexp_p_self_action_press: 0.04
  endofexp_self_rating_neg: 0.2761151295343103
  endofexp_self_rating_pos: 0.3700379391575822
  endofexp_self_rating_zero: 0.35384693130810746
