results:
  endofexp_other_rating_neg: 0.010982749085393073
  endofexp_other_rating_pos: 0.8348794214370137
  endofexp_other_rating_zero: 0.1541378294775933
  endofexp_p_self_action_press: 0.12
  endofexp_self_rating_neg: 0.09567785017877786
  endofexp_self_rating_pos: 0.3364512496225977
  endofexp_self_rating_zero: 0.5678709001986244
