results:
  endofexp_other_rating_neg: 0.9423357337724039
  endofexp_other_rating_pos: 0.000715631903552282
  endofexp_other_rating_zero: 0.05694863432404388
  endofexp_p_self_action_press: 0.04
  endofexp_self_rating_neg: 0.3865296800908337
  endofexp_self_rating_pos: 0.17412580152391097
  endofexp_self_rating_zero: 0.4393445183852553
