results:
  endofexp_other_rating_neg: 0.4105137185988626
  endofexp_other_rating_pos: 0.0786876674371165
  endofexp_other_rating_zero: 0.5107986139640209
  endofexp_p_self_action_press: 0.64
  endofexp_self_rating_neg: 0.00019247023446729766
  endofexp_self_rating_pos: 0.9680198578611786
  endofexp_self_rating_zero: 0.031787671904353915
