results:
  endofexp_other_rating_neg: 0.4201449684424211
  endofexp_other_rating_pos: 0.22469812769904982
  endofexp_other_rating_zero: 0.35515690385852905
  endofexp_p_self_action_press: 0.48
  endofexp_self_rating_neg: 0.16774836748233105
  endofexp_self_rating_pos: 0.48800257970437705
  endofexp_self_rating_zero: 0.34424905281329193
