results:
  endofexp_other_rating_neg: 0.4587190060476153
  endofexp_other_rating_pos: 0.1294948278846519
  endofexp_other_rating_zero: 0.4117861660677328
  endofexp_p_self_action_press: 0.36
  endofexp_self_rating_neg: 0.3757911309387713
  endofexp_self_rating_pos: 0.2802318664135649
  endofexp_self_rating_zero: 0.3439770026476638
