results:
  endofexp_other_rating_neg: 0.20075178648744268
  endofexp_other_rating_pos: 0.4086163914776337
  endofexp_other_rating_zero: 0.39063182203492364
  endofexp_p_self_action_press: 0.52
  endofexp_self_rating_neg: 0.047868676732761115
  endofexp_self_rating_pos: 0.6992829963241961
  endofexp_self_rating_zero: 0.2528483269430427
