results:
  endofexp_other_rating_neg: 0.00047683454087319506
  endofexp_other_rating_pos: 0.9754029676159158
  endofexp_other_rating_zero: 0.02412019784321096
  endofexp_p_self_action_press: 0.08
  endofexp_self_rating_neg: 0.49788041768243135
  endofexp_self_rating_pos: 0.1754769402377705
  endofexp_self_rating_zero: 0.3266426420797981
