results:
  endofexp_other_rating_neg: 0.45628720951810264
  endofexp_other_rating_pos: 0.0875676106282942
  endofexp_other_rating_zero: 0.4561451798536032
  endofexp_p_self_action_press: 0.6
  endofexp_self_rating_neg: 0.00028949608538170543
  endofexp_self_rating_pos: 0.9705538498183818
  endofexp_self_rating_zero: 0.029156654096236554
