results:
  endofexp_other_rating_neg: 0.009258983611724126
  endofexp_other_rating_pos: 0.9052028895424606
  endofexp_other_rating_zero: 0.08553812684581537
  endofexp_p_self_action_press: 0.08
  endofexp_self_rating_neg: 0.05144769982877223
  endofexp_self_rating_pos: 0.630290312447585
  endofexp_self_rating_zero: 0.31826198772364267
