results:
  endofexp_other_rating_neg: 0.4427267098834374
  endofexp_other_rating_pos: 0.2159364319832609
  endofexp_other_rating_zero: 0.3413368581333017
  endofexp_p_self_action_press: 0.68
  endofexp_self_rating_neg: 0.22881351580438622
  endofexp_self_rating_pos: 0.4272911186835808
  endofexp_self_rating_zero: 0.34389536551203304
