results:
  endofexp_other_rating_neg: 0.47432354108759717
  endofexp_other_rating_pos: 0.08861845966236438
  endofexp_other_rating_zero: 0.43705799925003846
  endofexp_p_self_action_press: 0.64
  endofexp_self_rating_neg: 1.3179327926443992e-05
  endofexp_self_rating_pos: 0.9873390392526271
  endofexp_self_rating_zero: 0.012647781419446513
