results:
  endofexp_other_rating_neg: 0.4112195370668112
  endofexp_other_rating_pos: 0.2317546935892832
  endofexp_other_rating_zero: 0.35702576934390573
  endofexp_p_self_action_press: 0.36
  endofexp_self_rating_neg: 0.37598008991223747
  endofexp_self_rating_pos: 0.26986066218806126
  endofexp_self_rating_zero: 0.35415924789970127
