results:
  endofexp_other_rating_neg: 0.27903773713910063
  endofexp_other_rating_pos: 0.20651831687958458
  endofexp_other_rating_zero: 0.5144439459813148
  endofexp_p_self_action_press: 0.28
  endofexp_self_rating_neg: 0.9706479454705649
  endofexp_self_rating_pos: 0.00032345021095107716
  endofexp_self_rating_zero: 0.029028604318484023
