results:
  endofexp_other_rating_neg: 0.3429830769855625
  endofexp_other_rating_pos: 0.3063290910715233
  endofexp_other_rating_zero: 0.35068783194291414
  endofexp_p_self_action_press: 0.48
  endofexp_self_rating_neg: 0.4123666956243567
  endofexp_self_rating_pos: 0.23233248294099243
  endofexp_self_rating_zero: 0.35530082143465086
