results:
  endofexp_other_rating_neg: 0.22790485204905234
  endofexp_other_rating_pos: 0.4557100429418504
  endofexp_other_rating_zero: 0.31638510500909717
  endofexp_p_self_action_press: 0.32
  endofexp_self_rating_neg: 0.9955867842485463
  endofexp_self_rating_pos: 1.8907191729381195e-05
  endofexp_self_rating_zero: 0.004394308559724279
