results:
  endofexp_other_rating_neg: 0.0006862913786664094
  endofexp_other_rating_pos: 0.9392658956226245
  endofexp_other_rating_zero: 0.060047812998709045
  endofexp_p_self_action_press: 0.08
  endofexp_self_rating_neg: 0.06195698157024621
  endofexp_self_rating_pos: 0.5627806896901432
  endofexp_self_rating_zero: 0.3752623287396106
