results:
  endofexp_other_rating_neg: 0.3831116080073304
  endofexp_other_rating_pos: 0.27004014999750947
  endofexp_other_rating_zero: 0.34684824199516023
  endofexp_p_self_action_press: 0.28
  endofexp_self_rating_neg: 0.3294158635466544
  endofexp_self_rating_pos: 0.3008190285118013
  endofexp_self_rating_zero: 0.3697651079415444
