results:
  endofexp_other_rating_neg: 0.27932233577509485
  endofexp_other_rating_pos: 0.3661580377658208
  endofexp_other_rating_zero: 0.3545196264590844
  endofexp_p_self_action_press: 0.48
  endofexp_self_rating_neg: 0.2564582512961538
  endofexp_self_rating_pos: 0.3821983416053194
  endofexp_self_rating_zero: 0.3613434070985268
