results:
  endofexp_other_rating_neg: 0.27343015796811554
  endofexp_other_rating_pos: 0.20531353269930686
  endofexp_other_rating_zero: 0.5212563093325776
  endofexp_p_self_action_press: 0.64
  endofexp_self_rating_neg: 0.0002084805746610747
  endofexp_self_rating_pos: 0.9745874344741995
  endofexp_self_rating_zero: 0.025204084951139422
