results:
  endofexp_other_rating_neg: 0.32502479896755393
  endofexp_other_rating_pos: 0.30530795079800005
  endofexp_other_rating_zero: 0.369667250234446
  endofexp_p_self_action_press: 0.12
  endofexp_self_rating_neg: 0.6647422578597524
  endofexp_self_rating_pos: 0.07083547151053285
  endofexp_self_rating_zero: 0.26442227062971485
