results:
  endofexp_other_rating_neg: 0.0006180411973068033
  endofexp_other_rating_pos: 0.9487836004841517
  endofexp_other_rating_zero: 0.050598358318541474
  endofexp_p_self_action_press: 0.08
  endofexp_self_rating_neg: 0.3055603406889962
  endofexp_self_rating_pos: 0.23389208248587426
  endofexp_self_rating_zero: 0.4605475768251297
