results:
  endofexp_other_rating_neg: 0.0004288414473372424
  endofexp_other_rating_pos: 0.9211398873272589
  endofexp_other_rating_zero: 0.07843127122540383
  endofexp_p_self_action_press: 0.08
  endofexp_self_rating_neg: 0.3639039391977845
  endofexp_self_rating_pos: 0.12160347638701687
  endofexp_self_rating_zero: 0.5144925844151986
