results:
  endofexp_other_rating_neg: 0.0004784841208321231
  endofexp_other_rating_pos: 0.9509293376778392
  endofexp_other_rating_zero: 0.04859217820132867
  endofexp_p_self_action_press: 0.08
  endofexp_self_rating_neg: 0.14289657803743364
  endofexp_self_rating_pos: 0.4196384682238736
  endofexp_self_rating_zero: 0.4374649537386928
