results:
  endofexp_other_rating_neg: 0.0004426731180725949
  endofexp_other_rating_pos: 0.9538408017335
  endofexp_other_rating_zero: 0.04571652514842724
  endofexp_p_self_action_press: 0.08
  endofexp_self_rating_neg: 0.21056325698905887
  endofexp_self_rating_pos: 0.32731231924727083
  endofexp_self_rating_zero: 0.4621244237636703
