results:
  endofexp_other_rating_neg: 0.3881209111755806
  endofexp_other_rating_pos: 0.12414263130448709
  endofexp_other_rating_zero: 0.48773645751993233
  endofexp_p_self_action_press: 0.64
  endofexp_self_rating_neg: 0.00033118669185766504
  endofexp_self_rating_pos: 0.9682468694403268
  endofexp_self_rating_zero: 0.031421943867815466
