results:
  endofexp_other_rating_neg: 0.12432900161680911
  endofexp_other_rating_pos: 0.2559070719400085
  endofexp_other_rating_zero: 0.6197639264431825
  endofexp_p_self_action_press: 0.28
  endofexp_self_rating_neg: 0.9528629245098116
  endofexp_self_rating_pos: 0.0002235442167179795
  endofexp_self_rating_zero: 0.046913531273470484
