results:
  endofexp_other_rating_neg: 0.23547863372725808
  endofexp_other_rating_pos: 0.2488780527010674
  endofexp_other_rating_zero: 0.5156433135716745
  endofexp_p_self_action_press: 0.32
  endofexp_self_rating_neg: 0.9751860074450062
  endofexp_self_rating_pos: 0.00021303642668121182
  endofexp_self_rating_zero: 0.024600956128312482
