results:
  endofexp_other_rating_neg: 0.4001504824867356
  endofexp_other_rating_pos: 0.11652068524483167
  endofexp_other_rating_zero: 0.4833288322684328
  endofexp_p_self_action_press: 0.64
  endofexp_self_rating_neg: 0.00031077280269151326
  endofexp_self_rating_pos: 0.9692722780013029
  endofexp_self_rating_zero: 0.030416949196005644
