results:
  endofexp_other_rating_neg: 0.29246239369793964
  endofexp_other_rating_pos: 0.19423736629829552
  endofexp_other_rating_zero: 0.5133002400037648
  endofexp_p_self_action_press: 0.48
  endofexp_self_rating_neg: 0.9778318706390232
  endofexp_self_rating_pos: 0.00012619887820421847
  endofexp_self_rating_zero: 0.022041930482772597
