results:
  endofexp_other_rating_neg: 0.70603604433962
  endofexp_other_rating_pos: 0.04831628910301141
  endofexp_other_rating_zero: 0.24564766655736847
  endofexp_p_self_action_press: 0.08
  endofexp_self_rating_neg: 0.8794625188201821
  endofexp_self_rating_pos: 0.0011131303596495267
  endofexp_self_rating_zero: 0.11942435082016845
