results:
  endofexp_other_rating_neg: 0.3139867137043122
  endofexp_other_rating_pos: 0.2980328490593377
  endofexp_other_rating_zero: 0.38798043723635
  endofexp_p_self_action_press: 0.2
  endofexp_self_rating_neg: 0.7626878881595122
  endofexp_self_rating_pos: 0.027288560146664004
  endofexp_self_rating_zero: 0.21002355169382395
