results:
  endofexp_other_rating_neg: 0.026191562246570134
  endofexp_other_rating_pos: 0.7672635602789345
  endofexp_other_rating_zero: 0.20654487747449538
  endofexp_p_self_action_press: 0.08
  endofexp_self_rating_neg: 0.7587256754393077
  endofexp_self_rating_pos: 0.00716290698000743
  endofexp_self_rating_zero: 0.23411141758068477
