results:
  endofexp_other_rating_neg: 0.195196679070549
  endofexp_other_rating_pos: 0.28440376025802677
  endofexp_other_rating_zero: 0.5203995606714241
  endofexp_p_self_action_press: 0.6
  endofexp_self_rating_neg: 0.0001732769425253102
  endofexp_self_rating_pos: 0.9763741065024185
  endofexp_self_rating_zero: 0.023452616555056233
