results:
  endofexp_other_rating_neg: 0.2790289865703422
  endofexp_other_rating_pos: 0.37478631056148437
  endofexp_other_rating_zero: 0.3461847028681735
  endofexp_p_self_action_press: 0.48
  endofexp_self_rating_neg: 0.2773670162760221
  endofexp_self_rating_pos: 0.3197755085160277
  endofexp_self_rating_zero: 0.40285747520795023
