results:
  endofexp_other_rating_neg: 0.22642544567557268
  endofexp_other_rating_pos: 0.4659949277047357
  endofexp_other_rating_zero: 0.3075796266196915
  endofexp_p_self_action_press: 0.52
  endofexp_self_rating_neg: 0.2529791893755629
  endofexp_self_rating_pos: 0.395869424850273
  endofexp_self_rating_zero: 0.35115138577416394
