results:
  endofexp_other_rating_neg: 0.9640114212169902
  endofexp_other_rating_pos: 0.00017000718886939103
  endofexp_other_rating_zero: 0.035818571594140224
  endofexp_p_self_action_press: 0.84
  endofexp_self_rating_neg: 0.7967824254139386
  endofexp_self_rating_pos: 0.006379346798193395
  endofexp_self_rating_zero: 0.1968382277878679
