results:
  endofexp_other_rating_neg: 0.4133316338918403
  endofexp_other_rating_pos: 0.12846942445162884
  endofexp_other_rating_zero: 0.45819894165653074
  endofexp_p_self_action_press: 0.28
  endofexp_self_rating_neg: 0.9745090862404016
  endofexp_self_rating_pos: 0.0002715764931152977
  endofexp_self_rating_zero: 0.02521933726648317
