results:
  endofexp_other_rating_neg: 0.0004095279804756694
  endofexp_other_rating_pos: 0.9573621685775351
  endofexp_other_rating_zero: 0.04222830344198917
  endofexp_p_self_action_press: 0.08
  endofexp_self_rating_neg: 0.2707599453169192
  endofexp_self_rating_pos: 0.25325906119297253
  endofexp_self_rating_zero: 0.47598099349010814
