results:
  endofexp_other_rating_neg: 0.795570944414468
  endofexp_other_rating_pos: 0.018454353241347213
  endofexp_other_rating_zero: 0.18597470234418487
  endofexp_p_self_action_press: 0.8
  endofexp_self_rating_neg: 0.7915999814813356
  endofexp_self_rating_pos: 0.002351855497830854
  endofexp_self_rating_zero: 0.2060481630208335
