results:
  endofexp_other_rating_neg: 0.28268230030201663
  endofexp_other_rating_pos: 0.19639691504714196
  endofexp_other_rating_zero: 0.5209207846508414
  endofexp_p_self_action_press: 0.32
  endofexp_self_rating_neg: 0.9729404274967894
  endofexp_self_rating_pos: 0.0002567521917965088
  endofexp_self_rating_zero: 0.02680282031141395
