results:
  endofexp_other_rating_neg: 0.34863027656640005
  endofexp_other_rating_pos: 0.25604830185904387
  endofexp_other_rating_zero: 0.3953214215745561
  endofexp_p_self_action_press: 0.52
  endofexp_self_rating_neg: 0.12071111285493505
  endofexp_self_rating_pos: 0.540545369059536
  endofexp_self_rating_zero: 0.338743518085529
