results:
  endofexp_other_rating_neg: 0.23920980645477752
  endofexp_other_rating_pos: 0.37105111615527064
  endofexp_other_rating_zero: 0.3897390773899519
  endofexp_p_self_action_press: 0.48
  endofexp_self_rating_neg: 0.1433877849309785
  endofexp_self_rating_pos: 0.5382830577994802
  endofexp_self_rating_zero: 0.3183291572695413
