results:
  endofexp_other_rating_neg: 0.8074185863593604
  endofexp_other_rating_pos: 0.01623986235388866
  endofexp_other_rating_zero: 0.17634155128675097
  endofexp_p_self_action_press: 0.08
  endofexp_self_rating_neg: 0.5026836665394939
  endofexp_self_rating_pos: 0.05125412808112591
  endofexp_self_rating_zero: 0.4460622053793802
