results:
  endofexp_other_rating_neg: 0.3643083290246991
  endofexp_other_rating_pos: 0.2826610026281655
  endofexp_other_rating_zero: 0.3530306683471354
  endofexp_p_self_action_press: 0.32
  endofexp_self_rating_neg: 0.9932293839216259
  endofexp_self_rating_pos: 1.064358862609483e-05
  endofexp_self_rating_zero: 0.006759972489748036
