results:
  endofexp_other_rating_neg: 0.799903001086815
  endofexp_other_rating_pos: 0.01763657822912727
  endofexp_other_rating_zero: 0.1824604206840578
  endofexp_p_self_action_press: 0.8
  endofexp_self_rating_neg: 0.7196678303856642
  endofexp_self_rating_pos: 0.004261951010350035
  endofexp_self_rating_zero: 0.2760702186039859
