results:
  endofexp_other_rating_neg: 0.4538891446407128
  endofexp_other_rating_pos: 0.20402822123617817
  endofexp_other_rating_zero: 0.342082634123109
  endofexp_p_self_action_press: 0.4
  endofexp_self_rating_neg: 0.9929576473747783
  endofexp_self_rating_pos: 1.1104623049085203e-05
  endofexp_self_rating_zero: 0.007031248002172594
