results:
  endofexp_other_rating_neg: 0.9442896637351624
  endofexp_other_rating_pos: 0.00046945504434759637
  endofexp_other_rating_zero: 0.05524088122049009
  endofexp_p_self_action_press: 0.08
  endofexp_self_rating_neg: 0.1114331369320708
  endofexp_self_rating_pos: 0.48783168216490547
  endofexp_self_rating_zero: 0.4007351809030237
