results:
  endofexp_other_rating_neg: 0.28743116563127585
  endofexp_other_rating_pos: 0.19341080962328344
  endofexp_other_rating_zero: 0.5191580247454407
  endofexp_p_self_action_press: 0.6
  endofexp_self_rating_neg: 0.0002689761282420769
  endofexp_self_rating_pos: 0.9727686308507807
  endofexp_self_rating_zero: 0.026962393020977075
