results:
  endofexp_other_rating_neg: 0.9590787241288443
  endofexp_other_rating_pos: 0.0003724292747221707
  endofexp_other_rating_zero: 0.04054884659643354
  endofexp_p_self_action_press: 0.08
  endofexp_self_rating_neg: 0.24575871578588537
  endofexp_self_rating_pos: 0.2769323647736676
  endofexp_self_rating_zero: 0.4773089194404471
