results:
  endofexp_other_rating_neg: 0.31813161328458645
  endofexp_other_rating_pos: 0.29664798898275135
  endofexp_other_rating_zero: 0.38522039773266215
  endofexp_p_self_action_press: 0.36
  endofexp_self_rating_neg: 0.42251970641036163
  endofexp_self_rating_pos: 0.20778022147991188
  endofexp_self_rating_zero: 0.36970007210972644
