results:
  endofexp_other_rating_neg: 0.00038183488968818337
  endofexp_other_rating_pos: 0.9554119734815408
  endofexp_other_rating_zero: 0.04420619162877083
  endofexp_p_self_action_press: 0.08
  endofexp_self_rating_neg: 0.27179942336194474
  endofexp_self_rating_pos: 0.2596909612939761
  endofexp_self_rating_zero: 0.46850961534407903
