results:
  endofexp_other_rating_neg: 0.41518591541524186
  endofexp_other_rating_pos: 0.1130628573614073
  endofexp_other_rating_zero: 0.47175122722335083
  endofexp_p_self_action_press: 0.36
  endofexp_self_rating_neg: 0.9752351083884186
  endofexp_self_rating_pos: 0.000261090431148785
  endofexp_self_rating_zero: 0.024503801180432598
