results:
  endofexp_other_rating_neg: 0.28795730029711925
  endofexp_other_rating_pos: 0.33867538130436
  endofexp_other_rating_zero: 0.3733673183985207
  endofexp_p_self_action_press: 0.52
  endofexp_self_rating_neg: 0.262653588984068
  endofexp_self_rating_pos: 0.37532390258296533
  endofexp_self_rating_zero: 0.36202250843296685
