results:
  endofexp_other_rating_neg: 0.2459757121349337
  endofexp_other_rating_pos: 0.2594567254585526
  endofexp_other_rating_zero: 0.49456756240651367
  endofexp_p_self_action_press: 0.32
  endofexp_self_rating_neg: 0.9777831022134857
  endofexp_self_rating_pos: 0.00028533825458305
  endofexp_self_rating_zero: 0.021931559531931287
