results:
  endofexp_other_rating_neg: 0.3166328119886419
  endofexp_other_rating_pos: 0.3431473262477996
  endofexp_other_rating_zero: 0.3402198617635585
  endofexp_p_self_action_press: 0.52
  endofexp_self_rating_neg: 0.27908409336056433
  endofexp_self_rating_pos: 0.2329657461910522
  endofexp_self_rating_zero: 0.4879501604483835
