results:
  endofexp_other_rating_neg: 0.9566427862560419
  endofexp_other_rating_pos: 0.0005448958608896362
  endofexp_other_rating_zero: 0.042812317883068295
  endofexp_p_self_action_press: 0.04
  endofexp_self_rating_neg: 0.544940267546158
  endofexp_self_rating_pos: 0.09776234247924845
  endofexp_self_rating_zero: 0.3572973899745936
