results:
  endofexp_other_rating_neg: 0.00019934253774262943
  endofexp_other_rating_pos: 0.9525680250179482
  endofexp_other_rating_zero: 0.04723263244430926
  endofexp_p_self_action_press: 0.12
  endofexp_self_rating_neg: 0.04974990512238069
  endofexp_self_rating_pos: 0.6069633045849996
  endofexp_self_rating_zero: 0.34328679029261966
