results:
  endofexp_other_rating_neg: 0.06484805644031422
  endofexp_other_rating_pos: 0.5334735364234782
  endofexp_other_rating_zero: 0.4016784071362075
  endofexp_p_self_action_press: 0.76
  endofexp_self_rating_neg: 0.0012946582153539998
  endofexp_self_rating_pos: 0.9296870341715635
  endofexp_self_rating_zero: 0.06901830761308234
