results:
  endofexp_other_rating_neg: 0.30431823479203085
  endofexp_other_rating_pos: 0.3159945618013147
  endofexp_other_rating_zero: 0.37968720340665446
  endofexp_p_self_action_press: 0.52
  endofexp_self_rating_neg: 0.6575929023413798
  endofexp_self_rating_pos: 0.055010479479141304
  endofexp_self_rating_zero: 0.2873966181794788
