results:
  endofexp_other_rating_neg: 0.2828047573163966
  endofexp_other_rating_pos: 0.3077428213472686
  endofexp_other_rating_zero: 0.4094524213363348
  endofexp_p_self_action_press: 0.52
  endofexp_self_rating_neg: 0.3112218470005168
  endofexp_self_rating_pos: 0.30755173991603674
  endofexp_self_rating_zero: 0.3812264130834464
