results:
  endofexp_other_rating_neg: 0.3257682863656972
  endofexp_other_rating_pos: 0.3612803415509763
  endofexp_other_rating_zero: 0.3129513720833266
  endofexp_p_self_action_press: 0.48
  endofexp_self_rating_neg: 0.0391721636963064
  endofexp_self_rating_pos: 0.7766563998132195
  endofexp_self_rating_zero: 0.18417143649047418
