results:
  endofexp_other_rating_neg: 0.0069325082920290056
  endofexp_other_rating_pos: 0.9168550487198941
  endofexp_other_rating_zero: 0.07621244298807678
  endofexp_p_self_action_press: 0.08
  endofexp_self_rating_neg: 0.3873223758692691
  endofexp_self_rating_pos: 0.2237075552237598
  endofexp_self_rating_zero: 0.38897006890697106
