results:
  endofexp_other_rating_neg: 0.41349748429009864
  endofexp_other_rating_pos: 0.2138805033118611
  endofexp_other_rating_zero: 0.3726220123980404
  endofexp_p_self_action_press: 0.44
  endofexp_self_rating_neg: 0.4211976487943727
  endofexp_self_rating_pos: 0.20234096247316846
  endofexp_self_rating_zero: 0.37646138873245893
