results:
  endofexp_other_rating_neg: 0.2674321693362841
  endofexp_other_rating_pos: 0.0973231292092033
  endofexp_other_rating_zero: 0.6352447014545126
  endofexp_p_self_action_press: 0.28
  endofexp_self_rating_neg: 0.9543616887475049
  endofexp_self_rating_pos: 9.442236245466055e-05
  endofexp_self_rating_zero: 0.04554388889004046
