results:
  endofexp_other_rating_neg: 0.3183154399009162
  endofexp_other_rating_pos: 0.3137686623700223
  endofexp_other_rating_zero: 0.3679158977290614
  endofexp_p_self_action_press: 0.44
  endofexp_self_rating_neg: 0.13966950494230376
  endofexp_self_rating_pos: 0.5293812233442151
  endofexp_self_rating_zero: 0.3309492717134811
