results:
  endofexp_other_rating_neg: 0.31968440351283606
  endofexp_other_rating_pos: 0.35080517960625784
  endofexp_other_rating_zero: 0.32951041688090604
  endofexp_p_self_action_press: 0.28
  endofexp_self_rating_neg: 0.9922516853401998
  endofexp_self_rating_pos: 3.0498997480719996e-05
  endofexp_self_rating_zero: 0.007717815662319654
