results:
  endofexp_other_rating_neg: 0.9697836209916538
  endofexp_other_rating_pos: 0.0001465950878460776
  endofexp_other_rating_zero: 0.030069783920500023
  endofexp_p_self_action_press: 0.12
  endofexp_self_rating_neg: 0.27423127947417847
  endofexp_self_rating_pos: 0.24471865816962027
  endofexp_self_rating_zero: 0.48105006235620124
