results:
  endofexp_other_rating_neg: 0.09702134756107277
  endofexp_other_rating_pos: 0.32378648467040955
  endofexp_other_rating_zero: 0.5791921677685176
  endofexp_p_self_action_press: 0.28
  endofexp_self_rating_neg: 0.9500230197917102
  endofexp_self_rating_pos: 0.00028233378938526935
  endofexp_self_rating_zero: 0.049694646418904524
