results:
  endofexp_other_rating_neg: 0.000358837127136215
  endofexp_other_rating_pos: 0.9585546545224077
  endofexp_other_rating_zero: 0.041086508350456234
  endofexp_p_self_action_press: 0.08
  endofexp_self_rating_neg: 0.23634261102391982
  endofexp_self_rating_pos: 0.2966770655617603
  endofexp_self_rating_zero: 0.4669803234143198
