results:
  endofexp_other_rating_neg: 0.8559975969292172
  endofexp_other_rating_pos: 0.0005304804804569359
  endofexp_other_rating_zero: 0.1434719225903258
  endofexp_p_self_action_press: 0.8
  endofexp_self_rating_neg: 0.03229719392458637
  endofexp_self_rating_pos: 0.24747982208647745
  endofexp_self_rating_zero: 0.7202229839889361
