results:
  endofexp_other_rating_neg: 0.9660291806072405
  endofexp_other_rating_pos: 0.00012570094391903052
  endofexp_other_rating_zero: 0.033845118448840514
  endofexp_p_self_action_press: 0.08
  endofexp_self_rating_neg: 0.31641203721266564
  endofexp_self_rating_pos: 0.19879624219445433
  endofexp_self_rating_zero: 0.48479172059288
