results:
  endofexp_other_rating_neg: 0.1835200533576967
  endofexp_other_rating_pos: 0.24834424904002456
  endofexp_other_rating_zero: 0.5681356976022788
  endofexp_p_self_action_press: 0.64
  endofexp_self_rating_neg: 0.0002604050901364609
  endofexp_self_rating_pos: 0.9647155833143899
  endofexp_self_rating_zero: 0.03502401159547374
