results:
  endofexp_other_rating_neg: 0.25824152981971565
  endofexp_other_rating_pos: 0.21675256728703304
  endofexp_other_rating_zero: 0.5250059028932513
  endofexp_p_self_action_press: 0.64
  endofexp_self_rating_neg: 0.00018865464252452584
  endofexp_self_rating_pos: 0.9764388415700951
  endofexp_self_rating_zero: 0.023372503787380358
