results:
  endofexp_other_rating_neg: 0.7934000576414969
  endofexp_other_rating_pos: 0.019527790798369166
  endofexp_other_rating_zero: 0.18707215156013401
  endofexp_p_self_action_press: 0.08
  endofexp_self_rating_neg: 0.6189384275133413
  endofexp_self_rating_pos: 0.023455847291170635
  endofexp_self_rating_zero: 0.357605725195488
