results:
  endofexp_other_rating_neg: 0.9435073312341427
  endofexp_other_rating_pos: 0.000506343483141269
  endofexp_other_rating_zero: 0.05598632528271608
  endofexp_p_self_action_press: 0.04
  endofexp_self_rating_neg: 0.6115522494081104
  endofexp_self_rating_pos: 0.04620732967692493
  endofexp_self_rating_zero: 0.3422404209149646
