results:
  endofexp_other_rating_neg: 0.18033006580210365
  endofexp_other_rating_pos: 0.45680206080148594
  endofexp_other_rating_zero: 0.3628678733964104
  endofexp_p_self_action_press: 0.36
  endofexp_self_rating_neg: 0.45050751317818327
  endofexp_self_rating_pos: 0.15918752164830632
  endofexp_self_rating_zero: 0.3903049651735103
