results:
  endofexp_other_rating_neg: 0.7942242544142177
  endofexp_other_rating_pos: 0.008571310786456078
  endofexp_other_rating_zero: 0.19720443479932634
  endofexp_p_self_action_press: 0.08
  endofexp_self_rating_neg: 0.6364641186862002
  endofexp_self_rating_pos: 0.009271171741816806
  endofexp_self_rating_zero: 0.354264709571983
