results:
  endofexp_other_rating_neg: 0.3976783785975704
  endofexp_other_rating_pos: 0.08182587934825569
  endofexp_other_rating_zero: 0.5204957420541739
  endofexp_p_self_action_press: 0.36
  endofexp_self_rating_neg: 0.9605153262323944
  endofexp_self_rating_pos: 0.00023748066044285843
  endofexp_self_rating_zero: 0.03924719310716279
