results:
  endofexp_other_rating_neg: 0.13212668198140537
  endofexp_other_rating_pos: 0.3765134321970303
  endofexp_other_rating_zero: 0.49135988582156426
  endofexp_p_self_action_press: 0.28
  endofexp_self_rating_neg: 0.967075672703843
  endofexp_self_rating_pos: 0.0004119912631075035
  endofexp_self_rating_zero: 0.03251233603304949
