results:
  endofexp_other_rating_neg: 0.28043259987976193
  endofexp_other_rating_pos: 0.20727298393369858
  endofexp_other_rating_zero: 0.5122944161865395
  endofexp_p_self_action_press: 0.32
  endofexp_self_rating_neg: 0.966339646841701
  endofexp_self_rating_pos: 0.00045946304125801536
  endofexp_self_rating_zero: 0.033200890117040895
