results:
  endofexp_other_rating_neg: 0.3000732926511756
  endofexp_other_rating_pos: 0.3452298499268679
  endofexp_other_rating_zero: 0.3546968574219565
  endofexp_p_self_action_press: 0.52
  endofexp_self_rating_neg: 1.430427332769438e-05
  endofexp_self_rating_pos: 0.9918245249094655
  endofexp_self_rating_zero: 0.008161170817206671
