results:
  endofexp_other_rating_neg: 0.019604175618213485
  endofexp_other_rating_pos: 0.7915744157407331
  endofexp_other_rating_zero: 0.18882140864105343
  endofexp_p_self_action_press: 0.08
  endofexp_self_rating_neg: 0.5793741314236123
  endofexp_self_rating_pos: 0.03961678143366585
  endofexp_self_rating_zero: 0.3810090871427219
