results:
  endofexp_other_rating_neg: 0.28120343509110374
  endofexp_other_rating_pos: 0.3296693944364248
  endofexp_other_rating_zero: 0.3891271704724715
  endofexp_p_self_action_press: 0.76
  endofexp_self_rating_neg: 0.02158755419016557
  endofexp_self_rating_pos: 0.7803333396371926
  endofexp_self_rating_zero: 0.19807910617264182
