results:
  endofexp_other_rating_neg: 0.00014845296907506564
  endofexp_other_rating_pos: 0.9642007349650417
  endofexp_other_rating_zero: 0.03565081206588323
  endofexp_p_self_action_press: 0.08
  endofexp_self_rating_neg: 0.3468233878041905
  endofexp_self_rating_pos: 0.15879591684441993
  endofexp_self_rating_zero: 0.4943806953513897
