results:
  endofexp_other_rating_neg: 0.9683628558740621
  endofexp_other_rating_pos: 0.0008476848342982632
  endofexp_other_rating_zero: 0.030789459291639714
  endofexp_p_self_action_press: 0.16
  endofexp_self_rating_neg: 0.31975546341953337
  endofexp_self_rating_pos: 0.2762412439083696
  endofexp_self_rating_zero: 0.404003292672097
