results:
  endofexp_other_rating_neg: 0.14617266742936366
  endofexp_other_rating_pos: 0.2327291315884454
  endofexp_other_rating_zero: 0.621098200982191
  endofexp_p_self_action_press: 0.28
  endofexp_self_rating_neg: 0.955306413665158
  endofexp_self_rating_pos: 0.00010625341854650037
  endofexp_self_rating_zero: 0.04458733291629561
