results:
  endofexp_other_rating_neg: 0.9425892902195695
  endofexp_other_rating_pos: 0.0005350563626581764
  endofexp_other_rating_zero: 0.05687565341777224
  endofexp_p_self_action_press: 0.88
  endofexp_self_rating_neg: 0.02161676219476634
  endofexp_self_rating_pos: 0.6778443874609247
  endofexp_self_rating_zero: 0.3005388503443091
