results:
  endofexp_other_rating_neg: 0.9344959333563576
  endofexp_other_rating_pos: 0.0003268288831741842
  endofexp_other_rating_zero: 0.06517723776046813
  endofexp_p_self_action_press: 0.08
  endofexp_self_rating_neg: 0.35879279664949015
  endofexp_self_rating_pos: 0.11334515020536981
  endofexp_self_rating_zero: 0.52786205314514
