results:
  endofexp_other_rating_neg: 0.00037932729475294004
  endofexp_other_rating_pos: 0.9442188883048065
  endofexp_other_rating_zero: 0.05540178440044054
  endofexp_p_self_action_press: 0.08
  endofexp_self_rating_neg: 0.6337391651087245
  endofexp_self_rating_pos: 0.03988903063275001
  endofexp_self_rating_zero: 0.3263718042585256
