results:
  endofexp_other_rating_neg: 0.23993905969625318
  endofexp_other_rating_pos: 0.4126339609014533
  endofexp_other_rating_zero: 0.34742697940229345
  endofexp_p_self_action_press: 0.52
  endofexp_self_rating_neg: 0.5746956112625679
  endofexp_self_rating_pos: 0.0891838133154856
  endofexp_self_rating_zero: 0.3361205754219466
