results:
  endofexp_other_rating_neg: 0.24315476881957895
  endofexp_other_rating_pos: 0.4074212688344362
  endofexp_other_rating_zero: 0.34942396234598483
  endofexp_p_self_action_press: 0.52
  endofexp_self_rating_neg: 0.20500517147848973
  endofexp_self_rating_pos: 0.4137071195075322
  endofexp_self_rating_zero: 0.381287709013978
