results:
  endofexp_other_rating_neg: 0.2220190161059101
  endofexp_other_rating_pos: 0.41946120360725814
  endofexp_other_rating_zero: 0.35851978028683174
  endofexp_p_self_action_press: 0.48
  endofexp_self_rating_neg: 0.42528231172623426
  endofexp_self_rating_pos: 0.19652214205011653
  endofexp_self_rating_zero: 0.3781955462236492
