results:
  endofexp_other_rating_neg: 0.942460706715382
  endofexp_other_rating_pos: 0.00031114020811641587
  endofexp_other_rating_zero: 0.05722815307650158
  endofexp_p_self_action_press: 0.08
  endofexp_self_rating_neg: 0.34896606502782573
  endofexp_self_rating_pos: 0.13489866718055485
  endofexp_self_rating_zero: 0.5161352677916194
