results:
  endofexp_other_rating_neg: 0.0002628563580291739
  endofexp_other_rating_pos: 0.910238511491632
  endofexp_other_rating_zero: 0.08949863215033867
  endofexp_p_self_action_press: 0.08
  endofexp_self_rating_neg: 0.21045034447282568
  endofexp_self_rating_pos: 0.1774112096570927
  endofexp_self_rating_zero: 0.6121384458700816
