results:
  endofexp_other_rating_neg: 0.3466428726709141
  endofexp_other_rating_pos: 0.27285369085374306
  endofexp_other_rating_zero: 0.3805034364753428
  endofexp_p_self_action_press: 0.44
  endofexp_self_rating_neg: 0.30853224595060974
  endofexp_self_rating_pos: 0.2984553502785569
  endofexp_self_rating_zero: 0.39301240377083335
