results:
  endofexp_other_rating_neg: 0.18783833070992093
  endofexp_other_rating_pos: 0.2913571978349547
  endofexp_other_rating_zero: 0.5208044714551243
  endofexp_p_self_action_press: 0.64
  endofexp_self_rating_neg: 0.0002010492062577406
  endofexp_self_rating_pos: 0.975852183064216
  endofexp_self_rating_zero: 0.02394676772952624
