results:
  endofexp_other_rating_neg: 0.328623305245107
  endofexp_other_rating_pos: 0.17004913132970798
  endofexp_other_rating_zero: 0.5013275634251849
  endofexp_p_self_action_press: 0.28
  endofexp_self_rating_neg: 0.9656022608736976
  endofexp_self_rating_pos: 0.0003520372489433175
  endofexp_self_rating_zero: 0.034045701877359016
