results:
  endofexp_other_rating_neg: 0.2662870064989057
  endofexp_other_rating_pos: 0.37489851025653825
  endofexp_other_rating_zero: 0.3588144832445561
  endofexp_p_self_action_press: 0.52
  endofexp_self_rating_neg: 0.36057331600130654
  endofexp_self_rating_pos: 0.2614343810288132
  endofexp_self_rating_zero: 0.3779923029698802
