results:
  endofexp_other_rating_neg: 0.3062754775708335
  endofexp_other_rating_pos: 0.3610792677078703
  endofexp_other_rating_zero: 0.33264525472129625
  endofexp_p_self_action_press: 0.52
  endofexp_self_rating_neg: 0.031329495331549176
  endofexp_self_rating_pos: 0.5606238693136812
  endofexp_self_rating_zero: 0.4080466353547696
