results:
  endofexp_other_rating_neg: 0.02911929649298601
  endofexp_other_rating_pos: 0.631572207013735
  endofexp_other_rating_zero: 0.3393084964932791
  endofexp_p_self_action_press: 0.32
  endofexp_self_rating_neg: 0.9701533611229513
  endofexp_self_rating_pos: 0.0002774834257981028
  endofexp_self_rating_zero: 0.029569155451250613
