results:
  endofexp_other_rating_neg: 0.45379837999695744
  endofexp_other_rating_pos: 0.20569867202202097
  endofexp_other_rating_zero: 0.34050294798102154
  endofexp_p_self_action_press: 0.28
  endofexp_self_rating_neg: 0.9896609600353137
  endofexp_self_rating_pos: 2.0578174597853694e-05
  endofexp_self_rating_zero: 0.010318461790088558
