results:
  endofexp_other_rating_neg: 0.0005575619416350602
  endofexp_other_rating_pos: 0.9489198503021207
  endofexp_other_rating_zero: 0.050522587756244235
  endofexp_p_self_action_press: 0.08
  endofexp_self_rating_neg: 0.3682824383256618
  endofexp_self_rating_pos: 0.18008757813046175
  endofexp_self_rating_zero: 0.45162998354387646
