results:
  endofexp_other_rating_neg: 0.9369989377345473
  endofexp_other_rating_pos: 0.000811925505450972
  endofexp_other_rating_zero: 0.062189136760001824
  endofexp_p_self_action_press: 0.04
  endofexp_self_rating_neg: 0.45348721980676415
  endofexp_self_rating_pos: 0.12647689335359044
  endofexp_self_rating_zero: 0.42003588683964543
