results:
  endofexp_other_rating_neg: 0.34121232235532817
  endofexp_other_rating_pos: 0.31063800377820233
  endofexp_other_rating_zero: 0.34814967386646944
  endofexp_p_self_action_press: 0.44
  endofexp_self_rating_neg: 0.33677239916852836
  endofexp_self_rating_pos: 0.2751940489645692
  endofexp_self_rating_zero: 0.38803355186690247
