results:
  endofexp_other_rating_neg: 0.5824956879292773
  endofexp_other_rating_pos: 0.036045020296354334
  endofexp_other_rating_zero: 0.3814592917743684
  endofexp_p_self_action_press: 0.56
  endofexp_self_rating_neg: 0.00044245684362922776
  endofexp_self_rating_pos: 0.9638390638254312
  endofexp_self_rating_zero: 0.035718479330939495
