results:
  endofexp_other_rating_neg: 0.03593322122597077
  endofexp_other_rating_pos: 0.5509718028823557
  endofexp_other_rating_zero: 0.41309497589167354
  endofexp_p_self_action_press: 0.48
  endofexp_self_rating_neg: 0.960551478529265
  endofexp_self_rating_pos: 0.00044371504632574463
  endofexp_self_rating_zero: 0.03900480642440909
