results:
  endofexp_other_rating_neg: 0.23917836818520008
  endofexp_other_rating_pos: 0.4252601547921696
  endofexp_other_rating_zero: 0.3355614770226303
  endofexp_p_self_action_press: 0.44
  endofexp_self_rating_neg: 0.33020198216040775
  endofexp_self_rating_pos: 0.31219361696745795
  endofexp_self_rating_zero: 0.3576044008721343
