results:
  endofexp_other_rating_neg: 0.9493959801263874
  endofexp_other_rating_pos: 0.00047673322610161927
  endofexp_other_rating_zero: 0.05012728664751102
  endofexp_p_self_action_press: 0.04
  endofexp_self_rating_neg: 0.47041227719925555
  endofexp_self_rating_pos: 0.11350801288784158
  endofexp_self_rating_zero: 0.41607970991290283
