results:
  endofexp_other_rating_neg: 0.24979610242105577
  endofexp_other_rating_pos: 0.39038091854437723
  endofexp_other_rating_zero: 0.35982297903456706
  endofexp_p_self_action_press: 0.52
  endofexp_self_rating_neg: 0.33914517374517644
  endofexp_self_rating_pos: 0.2705807416242613
  endofexp_self_rating_zero: 0.3902740846305623
