results:
  endofexp_other_rating_neg: 0.3556956912872297
  endofexp_other_rating_pos: 0.28871837235108266
  endofexp_other_rating_zero: 0.3555859363616876
  endofexp_p_self_action_press: 0.48
  endofexp_self_rating_neg: 0.35815570037953287
  endofexp_self_rating_pos: 0.28044787092359424
  endofexp_self_rating_zero: 0.3613964286968729
