results:
  endofexp_other_rating_neg: 0.382141538871531
  endofexp_other_rating_pos: 0.24771910083861792
  endofexp_other_rating_zero: 0.37013936028985095
  endofexp_p_self_action_press: 0.44
  endofexp_self_rating_neg: 0.11110346789137207
  endofexp_self_rating_pos: 0.5340004452652718
  endofexp_self_rating_zero: 0.35489608684335605
