results:
  endofexp_other_rating_neg: 0.08565249565255524
  endofexp_other_rating_pos: 0.7141250261831483
  endofexp_other_rating_zero: 0.20022247816429634
  endofexp_p_self_action_press: 0.28
  endofexp_self_rating_neg: 0.9916807021760891
  endofexp_self_rating_pos: 0.00010017098326327774
  endofexp_self_rating_zero: 0.008219126840647585
