results:
  endofexp_other_rating_neg: 0.18466088421587407
  endofexp_other_rating_pos: 0.30436110686320045
  endofexp_other_rating_zero: 0.5109780089209254
  endofexp_p_self_action_press: 0.28
  endofexp_self_rating_neg: 0.9704012237418319
  endofexp_self_rating_pos: 0.00032623599432083186
  endofexp_self_rating_zero: 0.029272540263847232
