results:
  endofexp_other_rating_neg: 0.020160556287465537
  endofexp_other_rating_pos: 0.793175127695577
  endofexp_other_rating_zero: 0.1866643160169575
  endofexp_p_self_action_press: 0.12
  endofexp_self_rating_neg: 0.6239364261474748
  endofexp_self_rating_pos: 0.017024708338135377
  endofexp_self_rating_zero: 0.3590388655143898
