results:
  endofexp_other_rating_neg: 0.20969322599891768
  endofexp_other_rating_pos: 0.38330677771257
  endofexp_other_rating_zero: 0.40699999628851224
  endofexp_p_self_action_press: 0.52
  endofexp_self_rating_neg: 0.29781234871194595
  endofexp_self_rating_pos: 0.23323376863783005
  endofexp_self_rating_zero: 0.4689538826502239
