results:
  endofexp_other_rating_neg: 0.9370879946672213
  endofexp_other_rating_pos: 0.0002719974352551407
  endofexp_other_rating_zero: 0.06264000789752357
  endofexp_p_self_action_press: 0.08
  endofexp_self_rating_neg: 0.08039812673157654
  endofexp_self_rating_pos: 0.40944262313414004
  endofexp_self_rating_zero: 0.5101592501342834
