results:
  endofexp_other_rating_neg: 0.4750509100070195
  endofexp_other_rating_pos: 0.07588571190055232
  endofexp_other_rating_zero: 0.4490633780924281
  endofexp_p_self_action_press: 0.6
  endofexp_self_rating_neg: 0.00034326545953347967
  endofexp_self_rating_pos: 0.9677753830929704
  endofexp_self_rating_zero: 0.03188135144749615
