results:
  endofexp_other_rating_neg: 0.317458106821584
  endofexp_other_rating_pos: 0.29533123744455325
  endofexp_other_rating_zero: 0.3872106557338629
  endofexp_p_self_action_press: 0.2
  endofexp_self_rating_neg: 0.7584612639449564
  endofexp_self_rating_pos: 0.02985606859644615
  endofexp_self_rating_zero: 0.21168266745859746
