results:
  endofexp_other_rating_neg: 0.00036792000323938954
  endofexp_other_rating_pos: 0.9591176889700249
  endofexp_other_rating_zero: 0.04051439102673566
  endofexp_p_self_action_press: 0.08
  endofexp_self_rating_neg: 0.048507629208470265
  endofexp_self_rating_pos: 0.6397060437745359
  endofexp_self_rating_zero: 0.31178632701699394
