results:
  endofexp_other_rating_neg: 0.3090884691883984
  endofexp_other_rating_pos: 0.30303903842859053
  endofexp_other_rating_zero: 0.387872492383011
  endofexp_p_self_action_press: 0.2
  endofexp_self_rating_neg: 0.7671327705224438
  endofexp_self_rating_pos: 0.026133694854494436
  endofexp_self_rating_zero: 0.2067335346230617
