results:
  endofexp_other_rating_neg: 0.0005823330775466855
  endofexp_other_rating_pos: 0.9413146384185125
  endofexp_other_rating_zero: 0.0581030285039407
  endofexp_p_self_action_press: 0.04
  endofexp_self_rating_neg: 0.3946635529261108
  endofexp_self_rating_pos: 0.16916748170357046
  endofexp_self_rating_zero: 0.43616896537031874
