results:
  endofexp_other_rating_neg: 0.4576654678496391
  endofexp_other_rating_pos: 0.21076292932151813
  endofexp_other_rating_zero: 0.3315716028288429
  endofexp_p_self_action_press: 0.44
  endofexp_self_rating_neg: 0.2538744566247823
  endofexp_self_rating_pos: 0.3730429385548956
  endofexp_self_rating_zero: 0.373082604820322
