results:
  endofexp_other_rating_neg: 0.4810478263775421
  endofexp_other_rating_pos: 0.16175662723156647
  endofexp_other_rating_zero: 0.3571955463908915
  endofexp_p_self_action_press: 0.56
  endofexp_self_rating_neg: 0.48424419051738143
  endofexp_self_rating_pos: 0.17071224015292363
  endofexp_self_rating_zero: 0.345043569329695
