results:
  endofexp_other_rating_neg: 0.722226222117103
  endofexp_other_rating_pos: 0.03487984203809524
  endofexp_other_rating_zero: 0.2428939358448018
  endofexp_p_self_action_press: 0.84
  endofexp_self_rating_neg: 0.44881795712709677
  endofexp_self_rating_pos: 0.19082343069273994
  endofexp_self_rating_zero: 0.3603586121801634
