results:
  endofexp_other_rating_neg: 0.0071027092910424874
  endofexp_other_rating_pos: 0.9281416984570852
  endofexp_other_rating_zero: 0.0647555922518723
  endofexp_p_self_action_press: 0.08
  endofexp_self_rating_neg: 0.02862936645063251
  endofexp_self_rating_pos: 0.7313986890068537
  endofexp_self_rating_zero: 0.2399719445425139
