results:
  endofexp_other_rating_neg: 0.11973655224716193
  endofexp_other_rating_pos: 0.3912419867953891
  endofexp_other_rating_zero: 0.48902146095744914
  endofexp_p_self_action_press: 0.64
  endofexp_self_rating_neg: 0.0002288330541420862
  endofexp_self_rating_pos: 0.9737946126432693
  endofexp_self_rating_zero: 0.025976554302588762
