results:
  endofexp_other_rating_neg: 0.9617388180479223
  endofexp_other_rating_pos: 0.00022548836586180904
  endofexp_other_rating_zero: 0.038035693586215974
  endofexp_p_self_action_press: 0.08
  endofexp_self_rating_neg: 0.15109776489900845
  endofexp_self_rating_pos: 0.3946596494547184
  endofexp_self_rating_zero: 0.4542425856462733
