results:
  endofexp_other_rating_neg: 0.4903918008686945
  endofexp_other_rating_pos: 0.07500594852261037
  endofexp_other_rating_zero: 0.43460225060869506
  endofexp_p_self_action_press: 0.64
  endofexp_self_rating_neg: 2.1348574081326953e-05
  endofexp_self_rating_pos: 0.981985691677858
  endofexp_self_rating_zero: 0.017992959748060717
