results:
  endofexp_other_rating_neg: 0.11056951092892632
  endofexp_other_rating_pos: 0.5940963174476287
  endofexp_other_rating_zero: 0.2953341716234449
  endofexp_p_self_action_press: 0.04
  endofexp_self_rating_neg: 0.37438233859742576
  endofexp_self_rating_pos: 0.27179772263266666
  endofexp_self_rating_zero: 0.35381993876990764
