results:
  endofexp_other_rating_neg: 0.9478160356712971
  endofexp_other_rating_pos: 0.0004963160547374812
  endofexp_other_rating_zero: 0.05168764827396553
  endofexp_p_self_action_press: 0.08
  endofexp_self_rating_neg: 0.5501045886071185
  endofexp_self_rating_pos: 0.07164311621643031
  endofexp_self_rating_zero: 0.3782522951764512
