results:
  endofexp_other_rating_neg: 0.17906641176479718
  endofexp_other_rating_pos: 0.3120709837447686
  endofexp_other_rating_zero: 0.5088626044904343
  endofexp_p_self_action_press: 0.28
  endofexp_self_rating_neg: 0.9701373596530596
  endofexp_self_rating_pos: 0.000330140140819195
  endofexp_self_rating_zero: 0.0295325002061214
