results:
  endofexp_other_rating_neg: 0.007719430838552516
  endofexp_other_rating_pos: 0.9103472911000162
  endofexp_other_rating_zero: 0.08193327806143134
  endofexp_p_self_action_press: 0.08
  endofexp_self_rating_neg: 0.06744101897572624
  endofexp_self_rating_pos: 0.5993649103621359
  endofexp_self_rating_zero: 0.3331940706621378
