results:
  endofexp_other_rating_neg: 0.3284150025747615
  endofexp_other_rating_pos: 0.3255766178017855
  endofexp_other_rating_zero: 0.34600837962345304
  endofexp_p_self_action_press: 0.56
  endofexp_self_rating_neg: 0.2964346669623452
  endofexp_self_rating_pos: 0.3440106636286917
  endofexp_self_rating_zero: 0.3595546694089631
