results:
  endofexp_other_rating_neg: 0.00029174081131585783
  endofexp_other_rating_pos: 0.9601026701203896
  endofexp_other_rating_zero: 0.039605589068294506
  endofexp_p_self_action_press: 0.08
  endofexp_self_rating_neg: 0.19404904403781278
  endofexp_self_rating_pos: 0.3391129265342321
  endofexp_self_rating_zero: 0.4668380294279552
