results:
  endofexp_other_rating_neg: 0.0004501151682403849
  endofexp_other_rating_pos: 0.9557217722465893
  endofexp_other_rating_zero: 0.043828112585170435
  endofexp_p_self_action_press: 0.08
  endofexp_self_rating_neg: 0.2905595351795487
  endofexp_self_rating_pos: 0.23596058077538912
  endofexp_self_rating_zero: 0.4734798840450622
