results:
  endofexp_other_rating_neg: 0.5385539038689263
  endofexp_other_rating_pos: 0.07564513352325043
  endofexp_other_rating_zero: 0.38580096260782326
  endofexp_p_self_action_press: 0.52
  endofexp_self_rating_neg: 0.1692775557168154
  endofexp_self_rating_pos: 0.5300232649528057
  endofexp_self_rating_zero: 0.30069917933037893
