results:
  endofexp_other_rating_neg: 0.1417275132080631
  endofexp_other_rating_pos: 0.3084853543410909
  endofexp_other_rating_zero: 0.5497871324508459
  endofexp_p_self_action_press: 0.64
  endofexp_self_rating_neg: 0.00031580625966318203
  endofexp_self_rating_pos: 0.9603187925326285
  endofexp_self_rating_zero: 0.03936540120770814
