results:
  endofexp_other_rating_neg: 0.28031287218496487
  endofexp_other_rating_pos: 0.3485192081591231
  endofexp_other_rating_zero: 0.37116791965591217
  endofexp_p_self_action_press: 0.84
  endofexp_self_rating_neg: 0.06039829537390447
  endofexp_self_rating_pos: 0.6813445132467628
  endofexp_self_rating_zero: 0.2582571913793327
