results:
  endofexp_other_rating_neg: 0.00021907433785975635
  endofexp_other_rating_pos: 0.9654337902329939
  endofexp_other_rating_zero: 0.03434713542914629
  endofexp_p_self_action_press: 0.12
  endofexp_self_rating_neg: 0.10404122104529297
  endofexp_self_rating_pos: 0.4531057746255661
  endofexp_self_rating_zero: 0.44285300432914104
