results:
  endofexp_other_rating_neg: 0.055002473894834474
  endofexp_other_rating_pos: 0.2056541581626211
  endofexp_other_rating_zero: 0.7393433679425444
  endofexp_p_self_action_press: 0.52
  endofexp_self_rating_neg: 9.176063724527813e-05
  endofexp_self_rating_pos: 0.9915781243458878
  endofexp_self_rating_zero: 0.008330115016866747
