results:
  endofexp_other_rating_neg: 0.3008245010558526
  endofexp_other_rating_pos: 0.23265390744036776
  endofexp_other_rating_zero: 0.46652159150377975
  endofexp_p_self_action_press: 0.64
  endofexp_self_rating_neg: 3.851419290126752e-06
  endofexp_self_rating_pos: 0.9906827046019492
  endofexp_self_rating_zero: 0.009313443978760548
