results:
  endofexp_other_rating_neg: 0.24118573681973607
  endofexp_other_rating_pos: 0.41030428292711996
  endofexp_other_rating_zero: 0.348509980253144
  endofexp_p_self_action_press: 0.56
  endofexp_self_rating_neg: 6.366280658151142e-06
  endofexp_self_rating_pos: 0.9936449263757463
  endofexp_self_rating_zero: 0.006348707343595556
