results:
  endofexp_other_rating_neg: 0.4029351922466585
  endofexp_other_rating_pos: 0.1164353228318187
  endofexp_other_rating_zero: 0.48062948492152263
  endofexp_p_self_action_press: 0.32
  endofexp_self_rating_neg: 0.9715653752618394
  endofexp_self_rating_pos: 0.00026592451054198224
  endofexp_self_rating_zero: 0.02816870022761867
