results:
  endofexp_other_rating_neg: 0.8521944426491338
  endofexp_other_rating_pos: 0.002518134379312791
  endofexp_other_rating_zero: 0.14528742297155356
  endofexp_p_self_action_press: 0.16
  endofexp_self_rating_neg: 0.2856081656793062
  endofexp_self_rating_pos: 0.05910951295638732
  endofexp_self_rating_zero: 0.6552823213643065
