results:
  endofexp_other_rating_neg: 0.3712062955431754
  endofexp_other_rating_pos: 0.2604818746757262
  endofexp_other_rating_zero: 0.3683118297810983
  endofexp_p_self_action_press: 0.12
  endofexp_self_rating_neg: 0.649758749913984
  endofexp_self_rating_pos: 0.08079308316098961
  endofexp_self_rating_zero: 0.2694481669250264
