results:
  endofexp_other_rating_neg: 0.19644051001784354
  endofexp_other_rating_pos: 0.22527819264461774
  endofexp_other_rating_zero: 0.5782812973375387
  endofexp_p_self_action_press: 0.64
  endofexp_self_rating_neg: 0.000133838332797973
  endofexp_self_rating_pos: 0.9685300862038695
  endofexp_self_rating_zero: 0.03133607546333256
