results:
  endofexp_other_rating_neg: 0.8116831112688192
  endofexp_other_rating_pos: 0.015564939912313959
  endofexp_other_rating_zero: 0.17275194881886677
  endofexp_p_self_action_press: 0.08
  endofexp_self_rating_neg: 0.4235070044958841
  endofexp_self_rating_pos: 0.08466620320397863
  endofexp_self_rating_zero: 0.4918267923001373
