results:
  endofexp_other_rating_neg: 0.3111869963724729
  endofexp_other_rating_pos: 0.29068201007863315
  endofexp_other_rating_zero: 0.398130993548894
  endofexp_p_self_action_press: 0.48
  endofexp_self_rating_neg: 0.5484555258669009
  endofexp_self_rating_pos: 0.11358102254078122
  endofexp_self_rating_zero: 0.3379634515923177
