results:
  endofexp_other_rating_neg: 0.3132400640946765
  endofexp_other_rating_pos: 0.3239004289652754
  endofexp_other_rating_zero: 0.36285950694004826
  endofexp_p_self_action_press: 0.44
  endofexp_self_rating_neg: 0.3942161732139853
  endofexp_self_rating_pos: 0.05614003757625808
  endofexp_self_rating_zero: 0.5496437892097567
