results:
  endofexp_other_rating_neg: 0.15616337045556805
  endofexp_other_rating_pos: 0.576485193853297
  endofexp_other_rating_zero: 0.26735143569113495
  endofexp_p_self_action_press: 0.4
  endofexp_self_rating_neg: 0.9917536088643508
  endofexp_self_rating_pos: 5.9527053925683175e-05
  endofexp_self_rating_zero: 0.008186864081723547
