results:
  endofexp_other_rating_neg: 0.14303944796286286
  endofexp_other_rating_pos: 0.4113288385356292
  endofexp_other_rating_zero: 0.445631713501508
  endofexp_p_self_action_press: 0.28
  endofexp_self_rating_neg: 0.9646955166890036
  endofexp_self_rating_pos: 0.000652533893946971
  endofexp_self_rating_zero: 0.034651949417049535
