results:
  endofexp_other_rating_neg: 0.10845495489094216
  endofexp_other_rating_pos: 0.5961613862147715
  endofexp_other_rating_zero: 0.29538365889428636
  endofexp_p_self_action_press: 0.04
  endofexp_self_rating_neg: 0.38721643752929286
  endofexp_self_rating_pos: 0.2592489741810899
  endofexp_self_rating_zero: 0.3535345882896172
