results:
  endofexp_other_rating_neg: 0.12642088102014815
  endofexp_other_rating_pos: 0.09618348715262583
  endofexp_other_rating_zero: 0.7773956318272262
  endofexp_p_self_action_press: 0.52
  endofexp_self_rating_neg: 8.854142562516369e-05
  endofexp_self_rating_pos: 0.9917341839396737
  endofexp_self_rating_zero: 0.008177274634701096
