results:
  endofexp_other_rating_neg: 0.9735690463867502
  endofexp_other_rating_pos: 0.0003989938630547429
  endofexp_other_rating_zero: 0.026031959750194993
  endofexp_p_self_action_press: 0.08
  endofexp_self_rating_neg: 0.14434708122506734
  endofexp_self_rating_pos: 0.5280125540290636
  endofexp_self_rating_zero: 0.32764036474586905
