results:
  endofexp_other_rating_neg: 0.2769235732698183
  endofexp_other_rating_pos: 0.23314427016349892
  endofexp_other_rating_zero: 0.4899321565666827
  endofexp_p_self_action_press: 0.32
  endofexp_self_rating_neg: 0.9794817948419837
  endofexp_self_rating_pos: 0.00014520867259116077
  endofexp_self_rating_zero: 0.020372996485425232
