results:
  endofexp_other_rating_neg: 0.38453469787826877
  endofexp_other_rating_pos: 0.09831805981036901
  endofexp_other_rating_zero: 0.5171472423113621
  endofexp_p_self_action_press: 0.56
  endofexp_self_rating_neg: 0.00012690960065573687
  endofexp_self_rating_pos: 0.975655732781613
  endofexp_self_rating_zero: 0.02421735761773126
