results:
  endofexp_other_rating_neg: 0.30151832971300113
  endofexp_other_rating_pos: 0.184098018248676
  endofexp_other_rating_zero: 0.5143836520383229
  endofexp_p_self_action_press: 0.64
  endofexp_self_rating_neg: 0.00019825079659884168
  endofexp_self_rating_pos: 0.9741065932165364
  endofexp_self_rating_zero: 0.02569515598686471
