results:
  endofexp_other_rating_neg: 0.3903435651102897
  endofexp_other_rating_pos: 0.2622900902764004
  endofexp_other_rating_zero: 0.34736634461330995
  endofexp_p_self_action_press: 0.48
  endofexp_self_rating_neg: 0.26538189333543577
  endofexp_self_rating_pos: 0.36353899278163676
  endofexp_self_rating_zero: 0.37107911388292747
