results:
  endofexp_other_rating_neg: 0.11953454233579713
  endofexp_other_rating_pos: 0.42434742719126034
  endofexp_other_rating_zero: 0.45611803047294247
  endofexp_p_self_action_press: 0.32
  endofexp_self_rating_neg: 0.9720531647104211
  endofexp_self_rating_pos: 0.00029894683554007026
  endofexp_self_rating_zero: 0.027647888454038864
