results:
  endofexp_other_rating_neg: 0.30185472711827693
  endofexp_other_rating_pos: 0.1787966956144171
  endofexp_other_rating_zero: 0.5193485772673059
  endofexp_p_self_action_press: 0.64
  endofexp_self_rating_neg: 0.0001432807686357419
  endofexp_self_rating_pos: 0.9761222112027805
  endofexp_self_rating_zero: 0.0237345080285837
