results:
  endofexp_other_rating_neg: 0.4014086159111782
  endofexp_other_rating_pos: 0.22187825588771104
  endofexp_other_rating_zero: 0.3767131282011107
  endofexp_p_self_action_press: 0.48
  endofexp_self_rating_neg: 0.28897610674876945
  endofexp_self_rating_pos: 0.287700598980221
  endofexp_self_rating_zero: 0.4233232942710095
