results:
  endofexp_other_rating_neg: 0.3774684203660701
  endofexp_other_rating_pos: 0.13036151872264085
  endofexp_other_rating_zero: 0.492170060911289
  endofexp_p_self_action_press: 0.32
  endofexp_self_rating_neg: 0.9720046467137015
  endofexp_self_rating_pos: 0.00027318745626128747
  endofexp_self_rating_zero: 0.02772216583003706
