results:
  endofexp_other_rating_neg: 0.9636898168013459
  endofexp_other_rating_pos: 0.0003654419502475343
  endofexp_other_rating_zero: 0.035944741248406575
  endofexp_p_self_action_press: 0.08
  endofexp_self_rating_neg: 0.3292542453547149
  endofexp_self_rating_pos: 0.2163909594065838
  endofexp_self_rating_zero: 0.4543547952387014
