results:
  endofexp_other_rating_neg: 0.000491274418678885
  endofexp_other_rating_pos: 0.9217870734023339
  endofexp_other_rating_zero: 0.07772165217898723
  endofexp_p_self_action_press: 0.08
  endofexp_self_rating_neg: 0.3644509929335377
  endofexp_self_rating_pos: 0.11900650124118892
  endofexp_self_rating_zero: 0.5165425058252734
