results:
  endofexp_other_rating_neg: 0.3397519617234063
  endofexp_other_rating_pos: 0.1589346215725897
  endofexp_other_rating_zero: 0.501313416704004
  endofexp_p_self_action_press: 0.4
  endofexp_self_rating_neg: 0.9745458891443338
  endofexp_self_rating_pos: 0.00021260271190577676
  endofexp_self_rating_zero: 0.0252415081437603
