results:
  endofexp_other_rating_neg: 0.34454164270232224
  endofexp_other_rating_pos: 0.2388127997402508
  endofexp_other_rating_zero: 0.416645557557427
  endofexp_p_self_action_press: 0.68
  endofexp_self_rating_neg: 0.16311946639892788
  endofexp_self_rating_pos: 0.5215325530861658
  endofexp_self_rating_zero: 0.3153479805149063
