results:
  endofexp_other_rating_neg: 0.9302198380865538
  endofexp_other_rating_pos: 0.001026835359595447
  endofexp_other_rating_zero: 0.06875332655385089
  endofexp_p_self_action_press: 0.08
  endofexp_self_rating_neg: 0.6079253326242564
  endofexp_self_rating_pos: 0.04671523212129345
  endofexp_self_rating_zero: 0.34535943525445
