results:
  endofexp_other_rating_neg: 0.27673311723623123
  endofexp_other_rating_pos: 0.35481916486889437
  endofexp_other_rating_zero: 0.3684477178948744
  endofexp_p_self_action_press: 0.12
  endofexp_self_rating_neg: 0.6612472030899643
  endofexp_self_rating_pos: 0.07231305794264409
  endofexp_self_rating_zero: 0.26643973896739154
