results:
  endofexp_other_rating_neg: 0.24723163790494218
  endofexp_other_rating_pos: 0.23988649596258926
  endofexp_other_rating_zero: 0.5128818661324686
  endofexp_p_self_action_press: 0.32
  endofexp_self_rating_neg: 0.966849320560781
  endofexp_self_rating_pos: 0.00045103845970120523
  endofexp_self_rating_zero: 0.032699640979517705
