results:
  endofexp_other_rating_neg: 0.0004994363355102699
  endofexp_other_rating_pos: 0.9472338887721854
  endofexp_other_rating_zero: 0.052266674892304237
  endofexp_p_self_action_press: 0.04
  endofexp_self_rating_neg: 0.46216050968552297
  endofexp_self_rating_pos: 0.11939446855819413
  endofexp_self_rating_zero: 0.4184450217562828
