results:
  endofexp_other_rating_neg: 0.19852371179746275
  endofexp_other_rating_pos: 0.23658205446725214
  endofexp_other_rating_zero: 0.564894233735285
  endofexp_p_self_action_press: 0.6
  endofexp_self_rating_neg: 0.00041043671171232837
  endofexp_self_rating_pos: 0.9568497097988206
  endofexp_self_rating_zero: 0.04273985348946691
