results:
  endofexp_other_rating_neg: 0.422552103605747
  endofexp_other_rating_pos: 0.12431345632715246
  endofexp_other_rating_zero: 0.4531344400671005
  endofexp_p_self_action_press: 0.48
  endofexp_self_rating_neg: 0.12413757997910664
  endofexp_self_rating_pos: 0.4486547684776984
  endofexp_self_rating_zero: 0.427207651543195
