results:
  endofexp_other_rating_neg: 0.4107430073553075
  endofexp_other_rating_pos: 0.1109072627274719
  endofexp_other_rating_zero: 0.47834972991722063
  endofexp_p_self_action_press: 0.32
  endofexp_self_rating_neg: 0.9738794032889596
  endofexp_self_rating_pos: 0.0002404042802116084
  endofexp_self_rating_zero: 0.025880192430828695
