results:
  endofexp_other_rating_neg: 0.0003468324768500391
  endofexp_other_rating_pos: 0.9767596190948427
  endofexp_other_rating_zero: 0.02289354842830726
  endofexp_p_self_action_press: 0.88
  endofexp_self_rating_neg: 0.6527899319730467
  endofexp_self_rating_pos: 0.07566567657000559
  endofexp_self_rating_zero: 0.27154439145694764
