results:
  endofexp_other_rating_neg: 0.00037170891941111435
  endofexp_other_rating_pos: 0.968785573070645
  endofexp_other_rating_zero: 0.030842718009944092
  endofexp_p_self_action_press: 0.08
  endofexp_self_rating_neg: 0.10712300115871315
  endofexp_self_rating_pos: 0.5626241421486714
  endofexp_self_rating_zero: 0.3302528566926154
