results:
  endofexp_other_rating_neg: 0.22789232050885108
  endofexp_other_rating_pos: 0.3865696947577283
  endofexp_other_rating_zero: 0.3855379847334206
  endofexp_p_self_action_press: 0.2
  endofexp_self_rating_neg: 0.7648555070345376
  endofexp_self_rating_pos: 0.026403669141280953
  endofexp_self_rating_zero: 0.20874082382418144
