results:
  endofexp_other_rating_neg: 0.7818451694020242
  endofexp_other_rating_pos: 0.021547978581406536
  endofexp_other_rating_zero: 0.19660685201656933
  endofexp_p_self_action_press: 0.08
  endofexp_self_rating_neg: 0.7193024940431101
  endofexp_self_rating_pos: 0.009054267104255874
  endofexp_self_rating_zero: 0.271643238852634
