results:
  endofexp_other_rating_neg: 0.766492267426987
  endofexp_other_rating_pos: 0.025786196459096532
  endofexp_other_rating_zero: 0.20772153611391653
  endofexp_p_self_action_press: 0.88
  endofexp_self_rating_neg: 0.0018437737889358907
  endofexp_self_rating_pos: 0.8314231554758766
  endofexp_self_rating_zero: 0.16673307073518767
