results:
  endofexp_other_rating_neg: 0.3402941578298319
  endofexp_other_rating_pos: 0.3212419606290994
  endofexp_other_rating_zero: 0.3384638815410687
  endofexp_p_self_action_press: 0.36
  endofexp_self_rating_neg: 0.3032544421940524
  endofexp_self_rating_pos: 0.3427571877146582
  endofexp_self_rating_zero: 0.35398837009128936
