results:
  endofexp_other_rating_neg: 0.3544547466319334
  endofexp_other_rating_pos: 0.17052529448808826
  endofexp_other_rating_zero: 0.4750199588799783
  endofexp_p_self_action_press: 0.32
  endofexp_self_rating_neg: 0.9757475604242235
  endofexp_self_rating_pos: 0.00025163100409369266
  endofexp_self_rating_zero: 0.02400080857168276
