results:
  endofexp_other_rating_neg: 0.24660656383857793
  endofexp_other_rating_pos: 0.4330583814897746
  endofexp_other_rating_zero: 0.32033505467164736
  endofexp_p_self_action_press: 0.6
  endofexp_self_rating_neg: 0.03897389547369618
  endofexp_self_rating_pos: 0.662571965748199
  endofexp_self_rating_zero: 0.2984541387781048
