results:
  endofexp_other_rating_neg: 0.14795427125578484
  endofexp_other_rating_pos: 0.5314239540347033
  endofexp_other_rating_zero: 0.3206217747095117
  endofexp_p_self_action_press: 0.56
  endofexp_self_rating_neg: 1.671437902530813e-05
  endofexp_self_rating_pos: 0.9905124060147217
  endofexp_self_rating_zero: 0.00947087960625305
