results:
  endofexp_other_rating_neg: 0.808158520873889
  endofexp_other_rating_pos: 0.01636726140451858
  endofexp_other_rating_zero: 0.1754742177215924
  endofexp_p_self_action_press: 0.08
  endofexp_self_rating_neg: 0.428425706638711
  endofexp_self_rating_pos: 0.07842311813236093
  endofexp_self_rating_zero: 0.4931511752289281
