results:
  endofexp_other_rating_neg: 0.4527435873721249
  endofexp_other_rating_pos: 0.10331404745792941
  endofexp_other_rating_zero: 0.44394236516994573
  endofexp_p_self_action_press: 0.68
  endofexp_self_rating_neg: 1.680478214668116e-05
  endofexp_self_rating_pos: 0.9826335008625775
  endofexp_self_rating_zero: 0.017349694355275763
