results:
  endofexp_other_rating_neg: 0.08653253431279191
  endofexp_other_rating_pos: 0.6167865214116253
  endofexp_other_rating_zero: 0.2966809442755827
  endofexp_p_self_action_press: 0.48
  endofexp_self_rating_neg: 0.24105394782477138
  endofexp_self_rating_pos: 0.39882421259465134
  endofexp_self_rating_zero: 0.3601218395805773
