results:
  endofexp_other_rating_neg: 0.20869672213418566
  endofexp_other_rating_pos: 0.4577937814733388
  endofexp_other_rating_zero: 0.3335094963924756
  endofexp_p_self_action_press: 0.48
  endofexp_self_rating_neg: 0.5047415257429303
  endofexp_self_rating_pos: 0.13773253431607796
  endofexp_self_rating_zero: 0.3575259399409917
