results:
  endofexp_other_rating_neg: 0.9604507745433819
  endofexp_other_rating_pos: 0.0002510741972076798
  endofexp_other_rating_zero: 0.03929815125941041
  endofexp_p_self_action_press: 0.08
  endofexp_self_rating_neg: 0.1948290870052852
  endofexp_self_rating_pos: 0.33899906537327856
  endofexp_self_rating_zero: 0.46617184762143615
