results:
  endofexp_other_rating_neg: 0.0060234909500712815
  endofexp_other_rating_pos: 0.9330657562507588
  endofexp_other_rating_zero: 0.06091075279916991
  endofexp_p_self_action_press: 0.08
  endofexp_self_rating_neg: 0.1669040655280078
  endofexp_self_rating_pos: 0.45345787579368946
  endofexp_self_rating_zero: 0.3796380586783027
