results:
  endofexp_other_rating_neg: 0.8007838392629429
  endofexp_other_rating_pos: 0.017975407496961526
  endofexp_other_rating_zero: 0.18124075324009553
  endofexp_p_self_action_press: 0.08
  endofexp_self_rating_neg: 0.5087667809711699
  endofexp_self_rating_pos: 0.045946670323321726
  endofexp_self_rating_zero: 0.4452865487055084
