results:
  endofexp_other_rating_neg: 0.5953157293802552
  endofexp_other_rating_pos: 0.10923826189880056
  endofexp_other_rating_zero: 0.29544600872094423
  endofexp_p_self_action_press: 0.04
  endofexp_self_rating_neg: 0.37125150018235725
  endofexp_self_rating_pos: 0.273617444231984
  endofexp_self_rating_zero: 0.3551310555856588
