results:
  endofexp_other_rating_neg: 0.5003027701139992
  endofexp_other_rating_pos: 0.03885247348082551
  endofexp_other_rating_zero: 0.46084475640517525
  endofexp_p_self_action_press: 0.64
  endofexp_self_rating_neg: 0.0001453893133247244
  endofexp_self_rating_pos: 0.9663599001526647
  endofexp_self_rating_zero: 0.03349471053401055
