results:
  endofexp_other_rating_neg: 0.07008352138167107
  endofexp_other_rating_pos: 0.459953966213892
  endofexp_other_rating_zero: 0.46996251240443687
  endofexp_p_self_action_press: 0.6
  endofexp_self_rating_neg: 0.0002609187234414272
  endofexp_self_rating_pos: 0.9690121275840635
  endofexp_self_rating_zero: 0.030726953692495014
