results:
  endofexp_other_rating_neg: 0.2621532354245129
  endofexp_other_rating_pos: 0.350098480234323
  endofexp_other_rating_zero: 0.38774828434116404
  endofexp_p_self_action_press: 0.72
  endofexp_self_rating_neg: 0.02362094734899529
  endofexp_self_rating_pos: 0.7761009840543359
  endofexp_self_rating_zero: 0.20027806859666875
