results:
  endofexp_other_rating_neg: 0.000610125330580884
  endofexp_other_rating_pos: 0.9500218243110009
  endofexp_other_rating_zero: 0.049368050358418264
  endofexp_p_self_action_press: 0.08
  endofexp_self_rating_neg: 0.25461584107415963
  endofexp_self_rating_pos: 0.28264341866116843
  endofexp_self_rating_zero: 0.46274074026467193
