results:
  endofexp_other_rating_neg: 0.47339867251003254
  endofexp_other_rating_pos: 0.09431123818753114
  endofexp_other_rating_zero: 0.43229008930243634
  endofexp_p_self_action_press: 0.64
  endofexp_self_rating_neg: 1.677567100471239e-05
  endofexp_self_rating_pos: 0.9861519230531757
  endofexp_self_rating_zero: 0.013831301275819387
