results:
  endofexp_other_rating_neg: 0.01971045717843841
  endofexp_other_rating_pos: 0.7918846829319309
  endofexp_other_rating_zero: 0.18840485988963088
  endofexp_p_self_action_press: 0.08
  endofexp_self_rating_neg: 0.5459307048563713
  endofexp_self_rating_pos: 0.034903939021423684
  endofexp_self_rating_zero: 0.4191653561222051
