results:
  endofexp_other_rating_neg: 0.9750099681302643
  endofexp_other_rating_pos: 0.0003221686295204446
  endofexp_other_rating_zero: 0.0246678632402152
  endofexp_p_self_action_press: 0.08
  endofexp_self_rating_neg: 0.14371092895300408
  endofexp_self_rating_pos: 0.5266006743594558
  endofexp_self_rating_zero: 0.3296883966875402
