results:
  endofexp_other_rating_neg: 0.025376422288152494
  endofexp_other_rating_pos: 0.568738191798315
  endofexp_other_rating_zero: 0.4058853859135326
  endofexp_p_self_action_press: 0.6
  endofexp_self_rating_neg: 0.0001920476147820182
  endofexp_self_rating_pos: 0.9616750046157683
  endofexp_self_rating_zero: 0.03813294776944963
