results:
  endofexp_other_rating_neg: 0.9939919596299968
  endofexp_other_rating_pos: 6.737130609029145e-05
  endofexp_other_rating_zero: 0.005940669063912814
  endofexp_p_self_action_press: 0.24
  endofexp_self_rating_neg: 0.03695763510327338
  endofexp_self_rating_pos: 0.25680033179641965
  endofexp_self_rating_zero: 0.706242033100307
