results:
  endofexp_other_rating_neg: 0.12365386234866817
  endofexp_other_rating_pos: 0.5643008998787054
  endofexp_other_rating_zero: 0.3120452377726265
  endofexp_p_self_action_press: 0.72
  endofexp_self_rating_neg: 0.1152128615775477
  endofexp_self_rating_pos: 0.548961613635785
  endofexp_self_rating_zero: 0.3358255247866673
