results:
  endofexp_other_rating_neg: 0.29374267556137573
  endofexp_other_rating_pos: 0.35930728469940354
  endofexp_other_rating_zero: 0.3469500397392207
  endofexp_p_self_action_press: 0.4
  endofexp_self_rating_neg: 0.19043418646629817
  endofexp_self_rating_pos: 0.4421081097628154
  endofexp_self_rating_zero: 0.3674577037708863
