results:
  endofexp_other_rating_neg: 0.2915688661281912
  endofexp_other_rating_pos: 0.34999845195276436
  endofexp_other_rating_zero: 0.3584326819190445
  endofexp_p_self_action_press: 0.48
  endofexp_self_rating_neg: 0.344243006159447
  endofexp_self_rating_pos: 0.2809912145765158
  endofexp_self_rating_zero: 0.3747657792640371
