results:
  endofexp_other_rating_neg: 0.9430922479007744
  endofexp_other_rating_pos: 0.0006279300245192621
  endofexp_other_rating_zero: 0.05627982207470623
  endofexp_p_self_action_press: 0.08
  endofexp_self_rating_neg: 0.5375526235271276
  endofexp_self_rating_pos: 0.07746301973863293
  endofexp_self_rating_zero: 0.3849843567342395
