results:
  endofexp_other_rating_neg: 0.0004538963905351332
  endofexp_other_rating_pos: 0.9525178162575574
  endofexp_other_rating_zero: 0.047028287351907484
  endofexp_p_self_action_press: 0.08
  endofexp_self_rating_neg: 0.1362623758162983
  endofexp_self_rating_pos: 0.42949135037446307
  endofexp_self_rating_zero: 0.43424627380923864
