results:
  endofexp_other_rating_neg: 0.19314827005777022
  endofexp_other_rating_pos: 0.46844536812413
  endofexp_other_rating_zero: 0.3384063618180998
  endofexp_p_self_action_press: 0.64
  endofexp_self_rating_neg: 6.601637554674627e-06
  endofexp_self_rating_pos: 0.9938861095915231
  endofexp_self_rating_zero: 0.006107288770922013
