results:
  endofexp_other_rating_neg: 0.5928975056628458
  endofexp_other_rating_pos: 0.11019613717549727
  endofexp_other_rating_zero: 0.2969063571616569
  endofexp_p_self_action_press: 0.04
  endofexp_self_rating_neg: 0.40872586507601627
  endofexp_self_rating_pos: 0.241288849415578
  endofexp_self_rating_zero: 0.3499852855084057
