results:
  endofexp_other_rating_neg: 0.00016703761360596599
  endofexp_other_rating_pos: 0.9438236325804983
  endofexp_other_rating_zero: 0.05600932980589586
  endofexp_p_self_action_press: 0.08
  endofexp_self_rating_neg: 0.09030148470326056
  endofexp_self_rating_pos: 0.40142191764935464
  endofexp_self_rating_zero: 0.5082765976473848
