results:
  endofexp_other_rating_neg: 0.9554465265089144
  endofexp_other_rating_pos: 0.00043405679554571334
  endofexp_other_rating_zero: 0.04411941669553998
  endofexp_p_self_action_press: 0.08
  endofexp_self_rating_neg: 0.19135084363088706
  endofexp_self_rating_pos: 0.34929135756270224
  endofexp_self_rating_zero: 0.45935779880641064
