results:
  endofexp_other_rating_neg: 0.34342888538242755
  endofexp_other_rating_pos: 0.13718680562644223
  endofexp_other_rating_zero: 0.5193843089911302
  endofexp_p_self_action_press: 0.64
  endofexp_self_rating_neg: 0.0001339755420513172
  endofexp_self_rating_pos: 0.974338526518703
  endofexp_self_rating_zero: 0.025527497939245747
