results:
  endofexp_other_rating_neg: 0.06665335113248913
  endofexp_other_rating_pos: 0.5948140507494784
  endofexp_other_rating_zero: 0.33853259811803244
  endofexp_p_self_action_press: 0.64
  endofexp_self_rating_neg: 0.32389399005888786
  endofexp_self_rating_pos: 0.2946024540907602
  endofexp_self_rating_zero: 0.381503555850352
