results:
  endofexp_other_rating_neg: 0.00016539359236087298
  endofexp_other_rating_pos: 0.9442380062114449
  endofexp_other_rating_zero: 0.05559660019619425
  endofexp_p_self_action_press: 0.08
  endofexp_self_rating_neg: 0.06306832603764831
  endofexp_self_rating_pos: 0.45653715152684243
  endofexp_self_rating_zero: 0.4803945224355094
