results:
  endofexp_other_rating_neg: 0.018278331641302714
  endofexp_other_rating_pos: 0.7971662445116457
  endofexp_other_rating_zero: 0.18455542384705162
  endofexp_p_self_action_press: 0.88
  endofexp_self_rating_neg: 0.009543127096734405
  endofexp_self_rating_pos: 0.6888391082279435
  endofexp_self_rating_zero: 0.30161776467532214
