results:
  endofexp_other_rating_neg: 0.33888132575394636
  endofexp_other_rating_pos: 0.3113788812699214
  endofexp_other_rating_zero: 0.3497397929761322
  endofexp_p_self_action_press: 0.52
  endofexp_self_rating_neg: 0.3441703991808327
  endofexp_self_rating_pos: 0.2971184535951217
  endofexp_self_rating_zero: 0.3587111472240457
