results:
  endofexp_other_rating_neg: 0.014881966336894033
  endofexp_other_rating_pos: 0.8152005701029699
  endofexp_other_rating_zero: 0.16991746356013607
  endofexp_p_self_action_press: 0.08
  endofexp_self_rating_neg: 0.38275564670775336
  endofexp_self_rating_pos: 0.10226295312102766
  endofexp_self_rating_zero: 0.514981400171219
