results:
  endofexp_other_rating_neg: 0.8253545363915342
  endofexp_other_rating_pos: 0.012078772215718715
  endofexp_other_rating_zero: 0.1625666913927471
  endofexp_p_self_action_press: 0.84
  endofexp_self_rating_neg: 0.03115993095354466
  endofexp_self_rating_pos: 0.5270300982290584
  endofexp_self_rating_zero: 0.441809970817397
