results:
  endofexp_other_rating_neg: 0.9494386196702572
  endofexp_other_rating_pos: 0.000440535878672088
  endofexp_other_rating_zero: 0.050120844451070595
  endofexp_p_self_action_press: 0.08
  endofexp_self_rating_neg: 0.5410060536355433
  endofexp_self_rating_pos: 0.0766207436987259
  endofexp_self_rating_zero: 0.38237320266573077
