results:
  endofexp_other_rating_neg: 0.1608618785152438
  endofexp_other_rating_pos: 0.3380241910962248
  endofexp_other_rating_zero: 0.5011139303885315
  endofexp_p_self_action_press: 0.36
  endofexp_self_rating_neg: 0.968843593137431
  endofexp_self_rating_pos: 0.00033395439720951557
  endofexp_self_rating_zero: 0.030822452465359536
