results:
  endofexp_other_rating_neg: 0.006001889047572865
  endofexp_other_rating_pos: 0.925663694620604
  endofexp_other_rating_zero: 0.06833441633182315
  endofexp_p_self_action_press: 0.08
  endofexp_self_rating_neg: 0.06732407554656661
  endofexp_self_rating_pos: 0.6099956281621977
  endofexp_self_rating_zero: 0.32268029629123574
