results:
  endofexp_other_rating_neg: 0.10761504500273146
  endofexp_other_rating_pos: 0.4119569856618732
  endofexp_other_rating_zero: 0.4804279693353952
  endofexp_p_self_action_press: 0.6
  endofexp_self_rating_neg: 0.00020597668114621443
  endofexp_self_rating_pos: 0.974205921956833
  endofexp_self_rating_zero: 0.02558810136202073
