results:
  endofexp_other_rating_neg: 0.7468157965331513
  endofexp_other_rating_pos: 0.03390868183156523
  endofexp_other_rating_zero: 0.2192755216352835
  endofexp_p_self_action_press: 0.08
  endofexp_self_rating_neg: 0.7759081027052461
  endofexp_self_rating_pos: 0.0049404703843660865
  endofexp_self_rating_zero: 0.21915142691038775
