results:
  endofexp_other_rating_neg: 0.6016400912160791
  endofexp_other_rating_pos: 0.10327391345865929
  endofexp_other_rating_zero: 0.2950859953252616
  endofexp_p_self_action_press: 0.96
  endofexp_self_rating_neg: 0.22620631659320858
  endofexp_self_rating_pos: 0.42258799053227203
  endofexp_self_rating_zero: 0.35120569287451936
