results:
  endofexp_other_rating_neg: 0.015295837447656087
  endofexp_other_rating_pos: 0.8120582173996809
  endofexp_other_rating_zero: 0.17264594515266293
  endofexp_p_self_action_press: 0.12
  endofexp_self_rating_neg: 0.02791678199903772
  endofexp_self_rating_pos: 0.5748212374824607
  endofexp_self_rating_zero: 0.39726198051850153
