results:
  endofexp_other_rating_neg: 0.40722727468537123
  endofexp_other_rating_pos: 0.24103501662768473
  endofexp_other_rating_zero: 0.35173770868694415
  endofexp_p_self_action_press: 0.36
  endofexp_self_rating_neg: 0.24086309909084228
  endofexp_self_rating_pos: 0.3964121226123962
  endofexp_self_rating_zero: 0.36272477829676153
