results:
  endofexp_other_rating_neg: 0.2673146862347784
  endofexp_other_rating_pos: 0.42624453714865107
  endofexp_other_rating_zero: 0.30644077661657054
  endofexp_p_self_action_press: 0.48
  endofexp_self_rating_neg: 0.6423455075572999
  endofexp_self_rating_pos: 0.09659582288790856
  endofexp_self_rating_zero: 0.2610586695547915
