results:
  endofexp_other_rating_neg: 0.4023900451268245
  endofexp_other_rating_pos: 0.24861503015786107
  endofexp_other_rating_zero: 0.3489949247153144
  endofexp_p_self_action_press: 0.48
  endofexp_self_rating_neg: 0.3030819462072268
  endofexp_self_rating_pos: 0.33723019297896717
  endofexp_self_rating_zero: 0.359687860813806
