results:
  endofexp_other_rating_neg: 0.18880400222119453
  endofexp_other_rating_pos: 0.4776735701248898
  endofexp_other_rating_zero: 0.33352242765391554
  endofexp_p_self_action_press: 0.44
  endofexp_self_rating_neg: 0.38900362061290855
  endofexp_self_rating_pos: 0.2597956825145703
  endofexp_self_rating_zero: 0.35120069687252115
