results:
  endofexp_other_rating_neg: 0.8239382180933803
  endofexp_other_rating_pos: 0.012695777828767043
  endofexp_other_rating_zero: 0.16336600407785257
  endofexp_p_self_action_press: 0.08
  endofexp_self_rating_neg: 0.24174476706850084
  endofexp_self_rating_pos: 0.18019909678838478
  endofexp_self_rating_zero: 0.5780561361431145
