results:
  endofexp_other_rating_neg: 0.4558015818521953
  endofexp_other_rating_pos: 0.08679704100384633
  endofexp_other_rating_zero: 0.4574013771439583
  endofexp_p_self_action_press: 0.64
  endofexp_self_rating_neg: 7.973545551120815e-06
  endofexp_self_rating_pos: 0.9847961517057854
  endofexp_self_rating_zero: 0.01519587474866368
