results:
  endofexp_other_rating_neg: 0.4527052072873577
  endofexp_other_rating_pos: 0.01797431402829171
  endofexp_other_rating_zero: 0.5293204786843506
  endofexp_p_self_action_press: 0.48
  endofexp_self_rating_neg: 0.00012461418030507358
  endofexp_self_rating_pos: 0.9887091231575822
  endofexp_self_rating_zero: 0.011166262662112836
