results:
  endofexp_other_rating_neg: 0.2646577697483491
  endofexp_other_rating_pos: 0.3860743007832369
  endofexp_other_rating_zero: 0.349267929468414
  endofexp_p_self_action_press: 0.52
  endofexp_self_rating_neg: 0.35371363941712075
  endofexp_self_rating_pos: 0.29271544393525667
  endofexp_self_rating_zero: 0.35357091664762264
