results:
  endofexp_other_rating_neg: 8.504157985801255e-05
  endofexp_other_rating_pos: 0.99184559331907
  endofexp_other_rating_zero: 0.008069365101072064
  endofexp_p_self_action_press: 0.24
  endofexp_self_rating_neg: 0.0194183063069495
  endofexp_self_rating_pos: 0.3921670065556381
  endofexp_self_rating_zero: 0.5884146871374125
