results:
  endofexp_other_rating_neg: 0.41028428123167554
  endofexp_other_rating_pos: 0.24465828712302215
  endofexp_other_rating_zero: 0.34505743164530217
  endofexp_p_self_action_press: 0.36
  endofexp_self_rating_neg: 0.2720855755912927
  endofexp_self_rating_pos: 0.3065331822224247
  endofexp_self_rating_zero: 0.4213812421862826
