results:
  endofexp_other_rating_neg: 0.40033521557815127
  endofexp_other_rating_pos: 0.12376171259536196
  endofexp_other_rating_zero: 0.4759030718264867
  endofexp_p_self_action_press: 0.28
  endofexp_self_rating_neg: 0.9739006146381723
  endofexp_self_rating_pos: 0.00013203425269031865
  endofexp_self_rating_zero: 0.02596735110913738
