results:
  endofexp_other_rating_neg: 0.25917669756648753
  endofexp_other_rating_pos: 0.2309409604784724
  endofexp_other_rating_zero: 0.5098823419550401
  endofexp_p_self_action_press: 0.36
  endofexp_self_rating_neg: 0.965365996224081
  endofexp_self_rating_pos: 0.000460189448833926
  endofexp_self_rating_zero: 0.03417381432708512
