results:
  endofexp_other_rating_neg: 0.01587511850377561
  endofexp_other_rating_pos: 0.7083500289686396
  endofexp_other_rating_zero: 0.27577485252758477
  endofexp_p_self_action_press: 0.36
  endofexp_self_rating_neg: 0.8949978584460774
  endofexp_self_rating_pos: 0.0034140141145223898
  endofexp_self_rating_zero: 0.10158812743940022
