results:
  endofexp_other_rating_neg: 0.1337690875481317
  endofexp_other_rating_pos: 0.3916082063405482
  endofexp_other_rating_zero: 0.47462270611132
  endofexp_p_self_action_press: 0.6
  endofexp_self_rating_neg: 0.9568530156096603
  endofexp_self_rating_pos: 0.0006401255314446748
  endofexp_self_rating_zero: 0.04250685885889505
