results:
  endofexp_other_rating_neg: 0.17071439622242185
  endofexp_other_rating_pos: 0.473863839930276
  endofexp_other_rating_zero: 0.3554217638473022
  endofexp_p_self_action_press: 0.64
  endofexp_self_rating_neg: 0.2267983604006433
  endofexp_self_rating_pos: 0.43177369633020957
  endofexp_self_rating_zero: 0.34142794326914716
