results:
  endofexp_other_rating_neg: 0.005010048199710747
  endofexp_other_rating_pos: 0.9320320755072056
  endofexp_other_rating_zero: 0.06295787629308369
  endofexp_p_self_action_press: 0.08
  endofexp_self_rating_neg: 0.14753981943091427
  endofexp_self_rating_pos: 0.47930554495186367
  endofexp_self_rating_zero: 0.3731546356172221
