results:
  endofexp_other_rating_neg: 0.8478589821390468
  endofexp_other_rating_pos: 0.0014073407211113436
  endofexp_other_rating_zero: 0.15073367713984184
  endofexp_p_self_action_press: 0.12
  endofexp_self_rating_neg: 0.18516387091945313
  endofexp_self_rating_pos: 0.09913702362264488
  endofexp_self_rating_zero: 0.715699105457902
