results:
  endofexp_other_rating_neg: 0.3197379187154008
  endofexp_other_rating_pos: 0.3220125974834885
  endofexp_other_rating_zero: 0.35824948380111077
  endofexp_p_self_action_press: 0.44
  endofexp_self_rating_neg: 0.1618668524857702
  endofexp_self_rating_pos: 0.4937472090793939
  endofexp_self_rating_zero: 0.3443859384348357
