results:
  endofexp_other_rating_neg: 0.003434606281397035
  endofexp_other_rating_pos: 0.9459132850971892
  endofexp_other_rating_zero: 0.05065210862141382
  endofexp_p_self_action_press: 0.08
  endofexp_self_rating_neg: 0.214992315978582
  endofexp_self_rating_pos: 0.38455285285036633
  endofexp_self_rating_zero: 0.40045483117105163
