results:
  endofexp_other_rating_neg: 0.23977887519743052
  endofexp_other_rating_pos: 0.2361521787495935
  endofexp_other_rating_zero: 0.5240689460529759
  endofexp_p_self_action_press: 0.32
  endofexp_self_rating_neg: 0.9746511633660848
  endofexp_self_rating_pos: 0.00023114123409674774
  endofexp_self_rating_zero: 0.025117695399818403
