results:
  endofexp_other_rating_neg: 0.3346534966343513
  endofexp_other_rating_pos: 0.3088854064960505
  endofexp_other_rating_zero: 0.3564610968695982
  endofexp_p_self_action_press: 0.48
  endofexp_self_rating_neg: 0.4537219216995079
  endofexp_self_rating_pos: 0.17594505670168048
  endofexp_self_rating_zero: 0.3703330215988117
