results:
  endofexp_other_rating_neg: 0.7119705037458469
  endofexp_other_rating_pos: 0.04023438475089133
  endofexp_other_rating_zero: 0.24779511150326164
  endofexp_p_self_action_press: 0.12
  endofexp_self_rating_neg: 0.18197736098534562
  endofexp_self_rating_pos: 0.462176976845398
  endofexp_self_rating_zero: 0.3558456621692564
