results:
  endofexp_other_rating_neg: 0.27385774248198785
  endofexp_other_rating_pos: 0.1624794943471439
  endofexp_other_rating_zero: 0.5636627631708683
  endofexp_p_self_action_press: 0.64
  endofexp_self_rating_neg: 0.0002320898614914666
  endofexp_self_rating_pos: 0.9658055648254271
  endofexp_self_rating_zero: 0.03396234531308139
