results:
  endofexp_other_rating_neg: 0.42736789508480266
  endofexp_other_rating_pos: 0.06765191969580589
  endofexp_other_rating_zero: 0.5049801852193915
  endofexp_p_self_action_press: 0.6
  endofexp_self_rating_neg: 0.00014758043021587393
  endofexp_self_rating_pos: 0.971567468767212
  endofexp_self_rating_zero: 0.028284950802572165
