results:
  endofexp_other_rating_neg: 0.9358498807404906
  endofexp_other_rating_pos: 0.00018743773355901896
  endofexp_other_rating_zero: 0.06396268152595048
  endofexp_p_self_action_press: 0.08
  endofexp_self_rating_neg: 0.4070922874146301
  endofexp_self_rating_pos: 0.07684609273074965
  endofexp_self_rating_zero: 0.5160616198546202
