results:
  endofexp_other_rating_neg: 0.3783537249406393
  endofexp_other_rating_pos: 0.25229088624423074
  endofexp_other_rating_zero: 0.36935538881512997
  endofexp_p_self_action_press: 0.52
  endofexp_self_rating_neg: 0.2430687646451642
  endofexp_self_rating_pos: 0.3897955876513061
  endofexp_self_rating_zero: 0.3671356477035297
