results:
  endofexp_other_rating_neg: 0.4329389225401671
  endofexp_other_rating_pos: 0.1000195814959165
  endofexp_other_rating_zero: 0.4670414959639164
  endofexp_p_self_action_press: 0.64
  endofexp_self_rating_neg: 1.5036907980764461e-05
  endofexp_self_rating_pos: 0.9836617933170521
  endofexp_self_rating_zero: 0.016323169774967054
