results:
  endofexp_other_rating_neg: 0.27561235111796417
  endofexp_other_rating_pos: 0.3807295610551849
  endofexp_other_rating_zero: 0.3436580878268509
  endofexp_p_self_action_press: 0.44
  endofexp_self_rating_neg: 0.24481294195083136
  endofexp_self_rating_pos: 0.369917600075854
  endofexp_self_rating_zero: 0.3852694579733146
