results:
  endofexp_other_rating_neg: 0.29641341003605187
  endofexp_other_rating_pos: 0.38219388418608613
  endofexp_other_rating_zero: 0.32139270577786194
  endofexp_p_self_action_press: 0.32
  endofexp_self_rating_neg: 0.9926112245342829
  endofexp_self_rating_pos: 3.80069757882198e-05
  endofexp_self_rating_zero: 0.007350768489928961
