results:
  endofexp_other_rating_neg: 0.012716004163331818
  endofexp_other_rating_pos: 0.8245669928379022
  endofexp_other_rating_zero: 0.16271700299876599
  endofexp_p_self_action_press: 0.08
  endofexp_self_rating_neg: 0.1742959921520516
  endofexp_self_rating_pos: 0.24914152081453655
  endofexp_self_rating_zero: 0.5765624870334118
