results:
  endofexp_other_rating_neg: 0.1621361270098966
  endofexp_other_rating_pos: 0.5140154767309378
  endofexp_other_rating_zero: 0.3238483962591655
  endofexp_p_self_action_press: 0.48
  endofexp_self_rating_neg: 0.3112246434924126
  endofexp_self_rating_pos: 0.32490272971596545
  endofexp_self_rating_zero: 0.363872626791622
