results:
  endofexp_other_rating_neg: 0.06089754950299762
  endofexp_other_rating_pos: 0.44319521388458977
  endofexp_other_rating_zero: 0.4959072366124124
  endofexp_p_self_action_press: 0.64
  endofexp_self_rating_neg: 0.00015609017869661047
  endofexp_self_rating_pos: 0.9703159687980272
  endofexp_self_rating_zero: 0.029527941023276202
