results:
  endofexp_other_rating_neg: 0.02615284707575689
  endofexp_other_rating_pos: 0.7687240079535061
  endofexp_other_rating_zero: 0.20512314497073691
  endofexp_p_self_action_press: 0.88
  endofexp_self_rating_neg: 0.002814404303062174
  endofexp_self_rating_pos: 0.7957605985795058
  endofexp_self_rating_zero: 0.201424997117432
