results:
  endofexp_other_rating_neg: 0.3862321254174518
  endofexp_other_rating_pos: 0.22824842655533825
  endofexp_other_rating_zero: 0.38551944802721
  endofexp_p_self_action_press: 0.8
  endofexp_self_rating_neg: 0.02398530758572058
  endofexp_self_rating_pos: 0.770248614035902
  endofexp_self_rating_zero: 0.2057660783783774
