results:
  endofexp_other_rating_neg: 0.1331486644692754
  endofexp_other_rating_pos: 0.36064364052398873
  endofexp_other_rating_zero: 0.5062076950067359
  endofexp_p_self_action_press: 0.6
  endofexp_self_rating_neg: 0.00023662547916110328
  endofexp_self_rating_pos: 0.974891915911709
  endofexp_self_rating_zero: 0.024871458609129857
