results:
  endofexp_other_rating_neg: 0.3398012754698682
  endofexp_other_rating_pos: 0.30895938391496613
  endofexp_other_rating_zero: 0.3512393406151657
  endofexp_p_self_action_press: 0.52
  endofexp_self_rating_neg: 0.3836456511037979
  endofexp_self_rating_pos: 0.273669822592022
  endofexp_self_rating_zero: 0.34268452630417995
