results:
  endofexp_other_rating_neg: 0.07772259973267934
  endofexp_other_rating_pos: 0.3627488132665091
  endofexp_other_rating_zero: 0.5595285870008117
  endofexp_p_self_action_press: 0.28
  endofexp_self_rating_neg: 0.9677443232332557
  endofexp_self_rating_pos: 0.00010996449690510096
  endofexp_self_rating_zero: 0.03214571226983918
