results:
  endofexp_other_rating_neg: 0.5091017242889341
  endofexp_other_rating_pos: 0.20990087217689116
  endofexp_other_rating_zero: 0.28099740353417474
  endofexp_p_self_action_press: 0.52
  endofexp_self_rating_neg: 0.29226740865736905
  endofexp_self_rating_pos: 0.4026663289920819
  endofexp_self_rating_zero: 0.3050662623505491
