results:
  endofexp_other_rating_neg: 0.41009927963452086
  endofexp_other_rating_pos: 0.016667158659309532
  endofexp_other_rating_zero: 0.5732335617061696
  endofexp_p_self_action_press: 0.52
  endofexp_self_rating_neg: 0.0001143316541599407
  endofexp_self_rating_pos: 0.9886300112034029
  endofexp_self_rating_zero: 0.011255657142437285
