results:
  endofexp_other_rating_neg: 0.3851322118400981
  endofexp_other_rating_pos: 0.2633772141607233
  endofexp_other_rating_zero: 0.3514905739991785
  endofexp_p_self_action_press: 0.28
  endofexp_self_rating_neg: 0.9923886623985536
  endofexp_self_rating_pos: 1.0531440575052386e-05
  endofexp_self_rating_zero: 0.007600806160871347
