results:
  endofexp_other_rating_neg: 0.9522542397191356
  endofexp_other_rating_pos: 0.00044017501023754595
  endofexp_other_rating_zero: 0.047305585270626796
  endofexp_p_self_action_press: 0.08
  endofexp_self_rating_neg: 0.1291240809497414
  endofexp_self_rating_pos: 0.44092182668832536
  endofexp_self_rating_zero: 0.4299540923619332
