results:
  endofexp_other_rating_neg: 0.00017102339921412797
  endofexp_other_rating_pos: 0.9667167434067676
  endofexp_other_rating_zero: 0.03311223319401828
  endofexp_p_self_action_press: 0.08
  endofexp_self_rating_neg: 0.3045277574774188
  endofexp_self_rating_pos: 0.2147923861595513
  endofexp_self_rating_zero: 0.48067985636302984
