results:
  endofexp_other_rating_neg: 0.0003279217771877602
  endofexp_other_rating_pos: 0.9598661097332418
  endofexp_other_rating_zero: 0.03980596848957043
  endofexp_p_self_action_press: 0.08
  endofexp_self_rating_neg: 0.337855628315615
  endofexp_self_rating_pos: 0.19532255900484835
  endofexp_self_rating_zero: 0.46682181267953665
