results:
  endofexp_other_rating_neg: 0.20467061182447988
  endofexp_other_rating_pos: 0.27558975625225685
  endofexp_other_rating_zero: 0.5197396319232632
  endofexp_p_self_action_press: 0.32
  endofexp_self_rating_neg: 0.9727234566235143
  endofexp_self_rating_pos: 0.0002536166102311201
  endofexp_self_rating_zero: 0.02702292676625458
