results:
  endofexp_other_rating_neg: 0.004608873652833771
  endofexp_other_rating_pos: 0.9436245678702054
  endofexp_other_rating_zero: 0.0517665584769607
  endofexp_p_self_action_press: 0.08
  endofexp_self_rating_neg: 0.258670962332263
  endofexp_self_rating_pos: 0.3491588609591563
  endofexp_self_rating_zero: 0.3921701767085806
