results:
  endofexp_other_rating_neg: 0.32981187517484867
  endofexp_other_rating_pos: 0.3137194988114794
  endofexp_other_rating_zero: 0.35646862601367185
  endofexp_p_self_action_press: 0.36
  endofexp_self_rating_neg: 0.19886637863134676
  endofexp_self_rating_pos: 0.4119432446027203
  endofexp_self_rating_zero: 0.38919037676593304
