results:
  endofexp_other_rating_neg: 0.40266245665515427
  endofexp_other_rating_pos: 0.2496723758031779
  endofexp_other_rating_zero: 0.3476651675416678
  endofexp_p_self_action_press: 0.48
  endofexp_self_rating_neg: 0.219788924694212
  endofexp_self_rating_pos: 0.352488614562665
  endofexp_self_rating_zero: 0.42772246074312303
