results:
  endofexp_other_rating_neg: 0.5969440186472184
  endofexp_other_rating_pos: 0.10820076767942192
  endofexp_other_rating_zero: 0.29485521367335976
  endofexp_p_self_action_press: 0.04
  endofexp_self_rating_neg: 0.38031854487514705
  endofexp_self_rating_pos: 0.2658136386215877
  endofexp_self_rating_zero: 0.35386781650326526
