results:
  endofexp_other_rating_neg: 0.9632093144801819
  endofexp_other_rating_pos: 0.00019187267790779026
  endofexp_other_rating_zero: 0.0365988128419102
  endofexp_p_self_action_press: 0.08
  endofexp_self_rating_neg: 0.19044028464476376
  endofexp_self_rating_pos: 0.3472476739768588
  endofexp_self_rating_zero: 0.46231204137837745
