results:
  endofexp_other_rating_neg: 0.33323141189431554
  endofexp_other_rating_pos: 0.1551372513740559
  endofexp_other_rating_zero: 0.5116313367316285
  endofexp_p_self_action_press: 0.68
  endofexp_self_rating_neg: 0.0005223009305034694
  endofexp_self_rating_pos: 0.9551709065668758
  endofexp_self_rating_zero: 0.04430679250262071
