results:
  endofexp_other_rating_neg: 0.17204832860022298
  endofexp_other_rating_pos: 0.2528970478770712
  endofexp_other_rating_zero: 0.5750546235227059
  endofexp_p_self_action_press: 0.64
  endofexp_self_rating_neg: 0.00019664647905493168
  endofexp_self_rating_pos: 0.9694935974263421
  endofexp_self_rating_zero: 0.030309756094602864
