results:
  endofexp_other_rating_neg: 0.4163846139255777
  endofexp_other_rating_pos: 0.09325737322576136
  endofexp_other_rating_zero: 0.490358012848661
  endofexp_p_self_action_press: 0.64
  endofexp_self_rating_neg: 0.00016966235432338536
  endofexp_self_rating_pos: 0.9755611522673384
  endofexp_self_rating_zero: 0.024269185378338255
