results:
  endofexp_other_rating_neg: 0.3918949606860665
  endofexp_other_rating_pos: 0.248875141931799
  endofexp_other_rating_zero: 0.35922989738213457
  endofexp_p_self_action_press: 0.48
  endofexp_self_rating_neg: 0.4245768397800573
  endofexp_self_rating_pos: 0.22907847398048717
  endofexp_self_rating_zero: 0.34634468623945563
