results:
  endofexp_other_rating_neg: 0.031216671897241942
  endofexp_other_rating_pos: 0.7538265936284877
  endofexp_other_rating_zero: 0.21495673447427033
  endofexp_p_self_action_press: 0.08
  endofexp_self_rating_neg: 0.7727331468472769
  endofexp_self_rating_pos: 0.0054584157175902835
  endofexp_self_rating_zero: 0.2218084374351329
