results:
  endofexp_other_rating_neg: 0.013988131325693947
  endofexp_other_rating_pos: 0.818784454240903
  endofexp_other_rating_zero: 0.16722741443340303
  endofexp_p_self_action_press: 0.08
  endofexp_self_rating_neg: 0.11616000924898558
  endofexp_self_rating_pos: 0.34670631244274425
  endofexp_self_rating_zero: 0.5371336783082702
