results:
  endofexp_other_rating_neg: 0.091393453617367
  endofexp_other_rating_pos: 0.44534643320275813
  endofexp_other_rating_zero: 0.46326011317987476
  endofexp_p_self_action_press: 0.32
  endofexp_self_rating_neg: 0.9703975770273379
  endofexp_self_rating_pos: 0.0003271017756814185
  endofexp_self_rating_zero: 0.029275321196980637
