results:
  endofexp_other_rating_neg: 0.3475954885893188
  endofexp_other_rating_pos: 0.29809851962435285
  endofexp_other_rating_zero: 0.3543059917863283
  endofexp_p_self_action_press: 0.32
  endofexp_self_rating_neg: 0.9931066650666386
  endofexp_self_rating_pos: 1.0086609904666537e-05
  endofexp_self_rating_zero: 0.006883248323456617
