results:
  endofexp_other_rating_neg: 0.42735780872983165
  endofexp_other_rating_pos: 0.22583772993282064
  endofexp_other_rating_zero: 0.34680446133734766
  endofexp_p_self_action_press: 0.64
  endofexp_self_rating_neg: 9.547258899295664e-06
  endofexp_self_rating_pos: 0.9930926939891728
  endofexp_self_rating_zero: 0.00689775875192791
