results:
  endofexp_other_rating_neg: 0.005142450037954846
  endofexp_other_rating_pos: 0.9229234374575629
  endofexp_other_rating_zero: 0.07193411250448221
  endofexp_p_self_action_press: 0.08
  endofexp_self_rating_neg: 0.04281377878871634
  endofexp_self_rating_pos: 0.658656803735816
  endofexp_self_rating_zero: 0.29852941747546763
