results:
  endofexp_other_rating_neg: 0.0003848586332346035
  endofexp_other_rating_pos: 0.9508673476474712
  endofexp_other_rating_zero: 0.04874779371929417
  endofexp_p_self_action_press: 0.08
  endofexp_self_rating_neg: 0.31770592124470604
  endofexp_self_rating_pos: 0.22479261073683796
  endofexp_self_rating_zero: 0.457501468018456
