results:
  endofexp_other_rating_neg: 0.33458976732370743
  endofexp_other_rating_pos: 0.3106270472642523
  endofexp_other_rating_zero: 0.35478318541204035
  endofexp_p_self_action_press: 0.28
  endofexp_self_rating_neg: 0.992639176581453
  endofexp_self_rating_pos: 1.0711823578406644e-05
  endofexp_self_rating_zero: 0.007350111594968644
