results:
  endofexp_other_rating_neg: 0.27792002406339494
  endofexp_other_rating_pos: 0.20533232948488764
  endofexp_other_rating_zero: 0.5167476464517174
  endofexp_p_self_action_press: 0.32
  endofexp_self_rating_neg: 0.9721900521937323
  endofexp_self_rating_pos: 0.00029290264995184565
  endofexp_self_rating_zero: 0.027517045156315745
