results:
  endofexp_other_rating_neg: 0.4209943307222619
  endofexp_other_rating_pos: 0.08651710138656453
  endofexp_other_rating_zero: 0.49248856789117373
  endofexp_p_self_action_press: 0.64
  endofexp_self_rating_neg: 0.0002576119827017398
  endofexp_self_rating_pos: 0.9712211837840528
  endofexp_self_rating_zero: 0.02852120423324561
