results:
  endofexp_other_rating_neg: 0.19761805726445866
  endofexp_other_rating_pos: 0.2762628380656403
  endofexp_other_rating_zero: 0.5261191046699011
  endofexp_p_self_action_press: 0.64
  endofexp_self_rating_neg: 0.0001496134102544281
  endofexp_self_rating_pos: 0.9807973118112145
  endofexp_self_rating_zero: 0.019053074778531024
