results:
  endofexp_other_rating_neg: 0.8386236460701139
  endofexp_other_rating_pos: 0.0015291539214626012
  endofexp_other_rating_zero: 0.15984720000842342
  endofexp_p_self_action_press: 0.08
  endofexp_self_rating_neg: 0.17357649368475234
  endofexp_self_rating_pos: 0.11935240211341629
  endofexp_self_rating_zero: 0.7070711042018314
