results:
  endofexp_other_rating_neg: 0.19035125485517668
  endofexp_other_rating_pos: 0.3304791773931339
  endofexp_other_rating_zero: 0.47916956775168945
  endofexp_p_self_action_press: 0.56
  endofexp_self_rating_neg: 0.38772535573467265
  endofexp_self_rating_pos: 0.21231015775021406
  endofexp_self_rating_zero: 0.3999644865151133
