results:
  endofexp_other_rating_neg: 0.4605904529213562
  endofexp_other_rating_pos: 0.08116758606829065
  endofexp_other_rating_zero: 0.4582419610103531
  endofexp_p_self_action_press: 0.64
  endofexp_self_rating_neg: 0.00014799842679980916
  endofexp_self_rating_pos: 0.977333300943544
  endofexp_self_rating_zero: 0.02251870062965609
