results:
  endofexp_other_rating_neg: 0.013334325429906917
  endofexp_other_rating_pos: 0.8196661936402476
  endofexp_other_rating_zero: 0.1669994809298455
  endofexp_p_self_action_press: 0.08
  endofexp_self_rating_neg: 0.3794754894125542
  endofexp_self_rating_pos: 0.10344865028114081
  endofexp_self_rating_zero: 0.5170758603063049
