results:
  endofexp_other_rating_neg: 0.9492477935971092
  endofexp_other_rating_pos: 0.00037165698675232383
  endofexp_other_rating_zero: 0.05038054941613843
  endofexp_p_self_action_press: 0.08
  endofexp_self_rating_neg: 0.2866983399909229
  endofexp_self_rating_pos: 0.21104403968411706
  endofexp_self_rating_zero: 0.50225762032496
