results:
  endofexp_other_rating_neg: 0.2942807959301051
  endofexp_other_rating_pos: 0.33371655706639
  endofexp_other_rating_zero: 0.37200264700350494
  endofexp_p_self_action_press: 0.24
  endofexp_self_rating_neg: 0.6775277324398847
  endofexp_self_rating_pos: 0.06315817390944665
  endofexp_self_rating_zero: 0.2593140936506687
