results:
  endofexp_other_rating_neg: 0.20094794911596456
  endofexp_other_rating_pos: 0.2791752184920764
  endofexp_other_rating_zero: 0.519876832391959
  endofexp_p_self_action_press: 0.6
  endofexp_self_rating_neg: 0.0001774928126073811
  endofexp_self_rating_pos: 0.9762487146321861
  endofexp_self_rating_zero: 0.023573792555206446
