results:
  endofexp_other_rating_neg: 0.8179206515592794
  endofexp_other_rating_pos: 0.014192345925389361
  endofexp_other_rating_zero: 0.1678870025153312
  endofexp_p_self_action_press: 0.12
  endofexp_self_rating_neg: 0.048629490192331246
  endofexp_self_rating_pos: 0.4920951143800078
  endofexp_self_rating_zero: 0.459275395427661
