results:
  endofexp_other_rating_neg: 0.42287797920826586
  endofexp_other_rating_pos: 0.2181771687609321
  endofexp_other_rating_zero: 0.358944852030802
  endofexp_p_self_action_press: 0.48
  endofexp_self_rating_neg: 0.2176987308150848
  endofexp_self_rating_pos: 0.3775239371717289
  endofexp_self_rating_zero: 0.4047773320131864
