results:
  endofexp_other_rating_neg: 0.40316625629036307
  endofexp_other_rating_pos: 0.11208790179191953
  endofexp_other_rating_zero: 0.4847458419177173
  endofexp_p_self_action_press: 0.6
  endofexp_self_rating_neg: 0.00028872470129596143
  endofexp_self_rating_pos: 0.9697267547347764
  endofexp_self_rating_zero: 0.029984520563927544
