results:
  endofexp_other_rating_neg: 0.00039906881177623785
  endofexp_other_rating_pos: 0.9541635054499494
  endofexp_other_rating_zero: 0.045437425738274244
  endofexp_p_self_action_press: 0.08
  endofexp_self_rating_neg: 0.12145345811587571
  endofexp_self_rating_pos: 0.45364435072796677
  endofexp_self_rating_zero: 0.42490219115615746
