results:
  endofexp_other_rating_neg: 0.23379398351513103
  endofexp_other_rating_pos: 0.161468834287793
  endofexp_other_rating_zero: 0.604737182197076
  endofexp_p_self_action_press: 0.28
  endofexp_self_rating_neg: 0.9628468964667221
  endofexp_self_rating_pos: 0.00016694295778017798
  endofexp_self_rating_zero: 0.03698616057549781
