results:
  endofexp_other_rating_neg: 0.000889406163215074
  endofexp_other_rating_pos: 0.9405659186535597
  endofexp_other_rating_zero: 0.05854467518322533
  endofexp_p_self_action_press: 0.08
  endofexp_self_rating_neg: 0.2570004041636136
  endofexp_self_rating_pos: 0.28767904842085384
  endofexp_self_rating_zero: 0.45532054741553263
