results:
  endofexp_other_rating_neg: 0.3260999704438161
  endofexp_other_rating_pos: 0.338450952693306
  endofexp_other_rating_zero: 0.3354490768628779
  endofexp_p_self_action_press: 0.52
  endofexp_self_rating_neg: 0.38508465454849394
  endofexp_self_rating_pos: 0.27352815702453165
  endofexp_self_rating_zero: 0.3413871884269745
