results:
  endofexp_other_rating_neg: 0.038994640471655934
  endofexp_other_rating_pos: 0.46130794213333026
  endofexp_other_rating_zero: 0.4996974173950137
  endofexp_p_self_action_press: 0.4
  endofexp_self_rating_neg: 0.9460193301359082
  endofexp_self_rating_pos: 0.0003051437347496823
  endofexp_self_rating_zero: 0.05367552612934211
