results:
  endofexp_other_rating_neg: 0.943995482787099
  endofexp_other_rating_pos: 0.0005865909379647281
  endofexp_other_rating_zero: 0.05541792627493629
  endofexp_p_self_action_press: 0.08
  endofexp_self_rating_neg: 0.5509182616158091
  endofexp_self_rating_pos: 0.07157266533011011
  endofexp_self_rating_zero: 0.3775090730540807
