results:
  endofexp_other_rating_neg: 0.25005231238634
  endofexp_other_rating_pos: 0.23635880828588762
  endofexp_other_rating_zero: 0.5135888793277724
  endofexp_p_self_action_press: 0.36
  endofexp_self_rating_neg: 0.9691353830263778
  endofexp_self_rating_pos: 0.00037327807909125953
  endofexp_self_rating_zero: 0.030491338894530914
