results:
  endofexp_other_rating_neg: 0.7996027557961374
  endofexp_other_rating_pos: 0.010050882391686116
  endofexp_other_rating_zero: 0.19034636181217646
  endofexp_p_self_action_press: 0.08
  endofexp_self_rating_neg: 0.5021317958414366
  endofexp_self_rating_pos: 0.023894953598352867
  endofexp_self_rating_zero: 0.47397325056021056
