results:
  endofexp_other_rating_neg: 0.24312460353047763
  endofexp_other_rating_pos: 0.1455604648754025
  endofexp_other_rating_zero: 0.6113149315941199
  endofexp_p_self_action_press: 0.28
  endofexp_self_rating_neg: 0.956160750731596
  endofexp_self_rating_pos: 0.00022112069132556992
  endofexp_self_rating_zero: 0.04361812857707846
