results:
  endofexp_other_rating_neg: 0.42213128203804484
  endofexp_other_rating_pos: 0.21877959478751074
  endofexp_other_rating_zero: 0.35908912317444447
  endofexp_p_self_action_press: 0.28
  endofexp_self_rating_neg: 0.29491821585444
  endofexp_self_rating_pos: 0.3515109885014377
  endofexp_self_rating_zero: 0.3535707956441223
