results:
  endofexp_other_rating_neg: 0.36302905198618024
  endofexp_other_rating_pos: 0.13897385230668227
  endofexp_other_rating_zero: 0.4979970957071375
  endofexp_p_self_action_press: 0.36
  endofexp_self_rating_neg: 0.9712933204771812
  endofexp_self_rating_pos: 0.00025382634860348296
  endofexp_self_rating_zero: 0.028452853174215285
