results:
  endofexp_other_rating_neg: 0.08432133679191396
  endofexp_other_rating_pos: 0.4587646698731677
  endofexp_other_rating_zero: 0.4569139933349184
  endofexp_p_self_action_press: 0.44
  endofexp_self_rating_neg: 0.9734133329905329
  endofexp_self_rating_pos: 0.00028845829236851423
  endofexp_self_rating_zero: 0.026298208717098523
