results:
  endofexp_other_rating_neg: 0.2509940239777569
  endofexp_other_rating_pos: 0.04898546535485488
  endofexp_other_rating_zero: 0.7000205106673882
  endofexp_p_self_action_press: 0.4
  endofexp_self_rating_neg: 0.990579504971312
  endofexp_self_rating_pos: 0.0001065958898591302
  endofexp_self_rating_zero: 0.009313899138828815
