results:
  endofexp_other_rating_neg: 0.01472676258812799
  endofexp_other_rating_pos: 0.814802033762598
  endofexp_other_rating_zero: 0.170471203649274
  endofexp_p_self_action_press: 0.08
  endofexp_self_rating_neg: 0.41328234890787147
  endofexp_self_rating_pos: 0.08957370793415372
  endofexp_self_rating_zero: 0.4971439431579747
