results:
  endofexp_other_rating_neg: 0.0003116376342321742
  endofexp_other_rating_pos: 0.9589324921025268
  endofexp_other_rating_zero: 0.04075587026324115
  endofexp_p_self_action_press: 0.08
  endofexp_self_rating_neg: 0.2002802006523429
  endofexp_self_rating_pos: 0.3330527034349478
  endofexp_self_rating_zero: 0.4666670959127094
