results:
  endofexp_other_rating_neg: 0.27451093103794905
  endofexp_other_rating_pos: 0.3371176012099003
  endofexp_other_rating_zero: 0.38837146775215065
  endofexp_p_self_action_press: 0.76
  endofexp_self_rating_neg: 0.02370924634953573
  endofexp_self_rating_pos: 0.773506969802696
  endofexp_self_rating_zero: 0.20278378384776832
