results:
  endofexp_other_rating_neg: 0.006340585119860905
  endofexp_other_rating_pos: 0.9169741531299452
  endofexp_other_rating_zero: 0.07668526175019386
  endofexp_p_self_action_press: 0.08
  endofexp_self_rating_neg: 0.3247923464286387
  endofexp_self_rating_pos: 0.2776221306724568
  endofexp_self_rating_zero: 0.3975855228989046
