results:
  endofexp_other_rating_neg: 0.270719370447779
  endofexp_other_rating_pos: 0.4074838485521078
  endofexp_other_rating_zero: 0.32179678100011333
  endofexp_p_self_action_press: 0.32
  endofexp_self_rating_neg: 0.9927509283284995
  endofexp_self_rating_pos: 4.420218203544994e-05
  endofexp_self_rating_zero: 0.007204869489464915
