results:
  endofexp_other_rating_neg: 0.42514658211015355
  endofexp_other_rating_pos: 0.10414014279868423
  endofexp_other_rating_zero: 0.4707132750911621
  endofexp_p_self_action_press: 0.36
  endofexp_self_rating_neg: 0.9778163670875052
  endofexp_self_rating_pos: 0.00014907827657596046
  endofexp_self_rating_zero: 0.022034554635918736
