results:
  endofexp_other_rating_neg: 0.0005368495442145317
  endofexp_other_rating_pos: 0.9454460774609075
  endofexp_other_rating_zero: 0.054017072994878026
  endofexp_p_self_action_press: 0.08
  endofexp_self_rating_neg: 0.537733205195083
  endofexp_self_rating_pos: 0.0784353992105819
  endofexp_self_rating_zero: 0.3838313955943351
