results:
  endofexp_other_rating_neg: 0.2659956226921994
  endofexp_other_rating_pos: 0.3876862557245078
  endofexp_other_rating_zero: 0.3463181215832929
  endofexp_p_self_action_press: 0.56
  endofexp_self_rating_neg: 0.6469260281297424
  endofexp_self_rating_pos: 0.040782058758402566
  endofexp_self_rating_zero: 0.31229191311185506
