results:
  endofexp_other_rating_neg: 0.9369105587225501
  endofexp_other_rating_pos: 0.0002771960568290919
  endofexp_other_rating_zero: 0.06281224522062072
  endofexp_p_self_action_press: 0.08
  endofexp_self_rating_neg: 0.36117329462442077
  endofexp_self_rating_pos: 0.11169721708021849
  endofexp_self_rating_zero: 0.5271294882953607
