results:
  endofexp_other_rating_neg: 0.3202886456484254
  endofexp_other_rating_pos: 0.30938218767825193
  endofexp_other_rating_zero: 0.37032916667332266
  endofexp_p_self_action_press: 0.4
  endofexp_self_rating_neg: 0.16992075558124456
  endofexp_self_rating_pos: 0.4809859125649153
  endofexp_self_rating_zero: 0.34909333185384017
