results:
  endofexp_other_rating_neg: 0.5046308592717151
  endofexp_other_rating_pos: 0.03904888443598629
  endofexp_other_rating_zero: 0.4563202562922985
  endofexp_p_self_action_press: 0.64
  endofexp_self_rating_neg: 0.0001238334329019666
  endofexp_self_rating_pos: 0.9724879900945934
  endofexp_self_rating_zero: 0.02738817647250456
