results:
  endofexp_other_rating_neg: 0.2883811001009257
  endofexp_other_rating_pos: 0.3556389729061487
  endofexp_other_rating_zero: 0.35597992699292563
  endofexp_p_self_action_press: 0.4
  endofexp_self_rating_neg: 0.38127191497369206
  endofexp_self_rating_pos: 0.2757747049393951
  endofexp_self_rating_zero: 0.3429533800869128
