results:
  endofexp_other_rating_neg: 0.0005237451026604273
  endofexp_other_rating_pos: 0.9474198952909044
  endofexp_other_rating_zero: 0.05205635960643511
  endofexp_p_self_action_press: 0.08
  endofexp_self_rating_neg: 0.5166626737355795
  endofexp_self_rating_pos: 0.0868556241266225
  endofexp_self_rating_zero: 0.39648170213779804
