results:
  endofexp_other_rating_neg: 0.1320453249264144
  endofexp_other_rating_pos: 0.3798523285216066
  endofexp_other_rating_zero: 0.48810234655197904
  endofexp_p_self_action_press: 0.4
  endofexp_self_rating_neg: 0.9689838171507144
  endofexp_self_rating_pos: 0.00033627543944338536
  endofexp_self_rating_zero: 0.030679907409842392
