results:
  endofexp_other_rating_neg: 0.0336986231112108
  endofexp_other_rating_pos: 0.5942362132037108
  endofexp_other_rating_zero: 0.3720651636850784
  endofexp_p_self_action_press: 0.44
  endofexp_self_rating_neg: 0.9621548947978011
  endofexp_self_rating_pos: 0.0005005708307129957
  endofexp_self_rating_zero: 0.03734453437148577
