results:
  endofexp_other_rating_neg: 0.13659926435353784
  endofexp_other_rating_pos: 0.3677127332319487
  endofexp_other_rating_zero: 0.4956880024145134
  endofexp_p_self_action_press: 0.32
  endofexp_self_rating_neg: 0.9754352437629795
  endofexp_self_rating_pos: 0.00020864495729929776
  endofexp_self_rating_zero: 0.02435611127972141
