results:
  endofexp_other_rating_neg: 0.23292523243067328
  endofexp_other_rating_pos: 0.40252443925717457
  endofexp_other_rating_zero: 0.36455032831215206
  endofexp_p_self_action_press: 0.48
  endofexp_self_rating_neg: 0.2688979032636823
  endofexp_self_rating_pos: 0.36080781052587557
  endofexp_self_rating_zero: 0.3702942862104422
