results:
  endofexp_other_rating_neg: 0.34972035628289894
  endofexp_other_rating_pos: 0.2959256854527096
  endofexp_other_rating_zero: 0.3543539582643915
  endofexp_p_self_action_press: 0.28
  endofexp_self_rating_neg: 0.9933459278568008
  endofexp_self_rating_pos: 8.386179688748878e-06
  endofexp_self_rating_zero: 0.0066456859635104755
