results:
  endofexp_other_rating_neg: 0.5254526450430249
  endofexp_other_rating_pos: 0.14334634482505684
  endofexp_other_rating_zero: 0.33120101013191827
  endofexp_p_self_action_press: 0.52
  endofexp_self_rating_neg: 0.33746005045796007
  endofexp_self_rating_pos: 0.29534589007525525
  endofexp_self_rating_zero: 0.3671940594667847
