results:
  endofexp_other_rating_neg: 0.10561095775970221
  endofexp_other_rating_pos: 0.5986334078612636
  endofexp_other_rating_zero: 0.29575563437903424
  endofexp_p_self_action_press: 0.96
  endofexp_self_rating_neg: 0.23318113668183094
  endofexp_self_rating_pos: 0.4163079334528727
  endofexp_self_rating_zero: 0.35051092986529636
