results:
  endofexp_other_rating_neg: 0.3124932837359358
  endofexp_other_rating_pos: 0.32951447720423976
  endofexp_other_rating_zero: 0.3579922390598244
  endofexp_p_self_action_press: 0.52
  endofexp_self_rating_neg: 0.031034187544873474
  endofexp_self_rating_pos: 0.7596622156394327
  endofexp_self_rating_zero: 0.20930359681569372
