results:
  endofexp_other_rating_neg: 0.4004145750892695
  endofexp_other_rating_pos: 0.24848452967636375
  endofexp_other_rating_zero: 0.3511008952343667
  endofexp_p_self_action_press: 0.64
  endofexp_self_rating_neg: 9.47947271683855e-06
  endofexp_self_rating_pos: 0.9933079923103736
  endofexp_self_rating_zero: 0.006682528216909455
