results:
  endofexp_other_rating_neg: 0.5563113831878483
  endofexp_other_rating_pos: 0.10736287939637652
  endofexp_other_rating_zero: 0.33632573741577515
  endofexp_p_self_action_press: 0.52
  endofexp_self_rating_neg: 0.24573548527527622
  endofexp_self_rating_pos: 0.39632089783516516
  endofexp_self_rating_zero: 0.3579436168895587
