results:
  endofexp_other_rating_neg: 0.03505728267597068
  endofexp_other_rating_pos: 0.5845756973833284
  endofexp_other_rating_zero: 0.38036701994070093
  endofexp_p_self_action_press: 0.52
  endofexp_self_rating_neg: 0.0003919200944363022
  endofexp_self_rating_pos: 0.9665353611975702
  endofexp_self_rating_zero: 0.0330727187079935
