results:
  endofexp_other_rating_neg: 0.18186339193892467
  endofexp_other_rating_pos: 0.29741509168327634
  endofexp_other_rating_zero: 0.5207215163777991
  endofexp_p_self_action_press: 0.64
  endofexp_self_rating_neg: 0.00032851147077293
  endofexp_self_rating_pos: 0.9617983429060469
  endofexp_self_rating_zero: 0.03787314562318009
