results:
  endofexp_other_rating_neg: 0.19083785684858023
  endofexp_other_rating_pos: 0.4411419741823468
  endofexp_other_rating_zero: 0.3680201689690729
  endofexp_p_self_action_press: 0.56
  endofexp_self_rating_neg: 0.5052425548715574
  endofexp_self_rating_pos: 0.17094416849736235
  endofexp_self_rating_zero: 0.3238132766310803
