results:
  endofexp_other_rating_neg: 0.04552898131970627
  endofexp_other_rating_pos: 0.4752728419152023
  endofexp_other_rating_zero: 0.47919817676509147
  endofexp_p_self_action_press: 0.64
  endofexp_self_rating_neg: 0.00020182016505329857
  endofexp_self_rating_pos: 0.9632714006902184
  endofexp_self_rating_zero: 0.03652677914472826
