results:
  endofexp_other_rating_neg: 0.4918134697645741
  endofexp_other_rating_pos: 0.06872531116048881
  endofexp_other_rating_zero: 0.43946121907493696
  endofexp_p_self_action_press: 0.64
  endofexp_self_rating_neg: 2.3801582502013626e-05
  endofexp_self_rating_pos: 0.9818581930376866
  endofexp_self_rating_zero: 0.018118005379811238
