results:
  endofexp_other_rating_neg: 0.36305039710868064
  endofexp_other_rating_pos: 0.2996665729391247
  endofexp_other_rating_zero: 0.33728302995219467
  endofexp_p_self_action_press: 0.48
  endofexp_self_rating_neg: 0.25981238169729337
  endofexp_self_rating_pos: 0.380101689931705
  endofexp_self_rating_zero: 0.3600859283710015
