results:
  endofexp_other_rating_neg: 0.19746971021336254
  endofexp_other_rating_pos: 0.500315396686658
  endofexp_other_rating_zero: 0.3022148930999795
  endofexp_p_self_action_press: 0.44
  endofexp_self_rating_neg: 0.4266637002016287
  endofexp_self_rating_pos: 0.24327995907447328
  endofexp_self_rating_zero: 0.33005634072389806
