results:
  endofexp_other_rating_neg: 0.4281916290506332
  endofexp_other_rating_pos: 0.21352960341217547
  endofexp_other_rating_zero: 0.3582787675371913
  endofexp_p_self_action_press: 0.48
  endofexp_self_rating_neg: 0.15380199263046074
  endofexp_self_rating_pos: 0.47172762587199796
  endofexp_self_rating_zero: 0.3744703814975414
