results:
  endofexp_other_rating_neg: 0.41836998965160965
  endofexp_other_rating_pos: 0.07609801679208719
  endofexp_other_rating_zero: 0.5055319935563032
  endofexp_p_self_action_press: 0.6
  endofexp_self_rating_neg: 0.00019523171774170635
  endofexp_self_rating_pos: 0.9700917283779397
  endofexp_self_rating_zero: 0.02971303990431862
