results:
  endofexp_other_rating_neg: 0.1506492638625881
  endofexp_other_rating_pos: 0.2820024201837137
  endofexp_other_rating_zero: 0.5673483159536982
  endofexp_p_self_action_press: 0.64
  endofexp_self_rating_neg: 0.00013777442300437492
  endofexp_self_rating_pos: 0.9729303270305233
  endofexp_self_rating_zero: 0.02693189854647244
