results:
  endofexp_other_rating_neg: 0.17263206264481562
  endofexp_other_rating_pos: 0.32311161486090906
  endofexp_other_rating_zero: 0.5042563224942753
  endofexp_p_self_action_press: 0.32
  endofexp_self_rating_neg: 0.9749901340854188
  endofexp_self_rating_pos: 0.00018989546430682659
  endofexp_self_rating_zero: 0.024819970450274474
