results:
  endofexp_other_rating_neg: 0.677875257713247
  endofexp_other_rating_pos: 0.05875775746684763
  endofexp_other_rating_zero: 0.26336698481990545
  endofexp_p_self_action_press: 0.04
  endofexp_self_rating_neg: 0.25554291089757636
  endofexp_self_rating_pos: 0.380289257590165
  endofexp_self_rating_zero: 0.3641678315122586
