results:
  endofexp_other_rating_neg: 0.19843496721974158
  endofexp_other_rating_pos: 0.22619965068436418
  endofexp_other_rating_zero: 0.5753653820958942
  endofexp_p_self_action_press: 0.56
  endofexp_self_rating_neg: 0.00016509328940484498
  endofexp_self_rating_pos: 0.9709083657344343
  endofexp_self_rating_zero: 0.028926540976160785
