results:
  endofexp_other_rating_neg: 0.00041344960262925317
  endofexp_other_rating_pos: 0.9557906040180937
  endofexp_other_rating_zero: 0.04379594637927697
  endofexp_p_self_action_press: 0.08
  endofexp_self_rating_neg: 0.1731350003177105
  endofexp_self_rating_pos: 0.3738468620443169
  endofexp_self_rating_zero: 0.45301813763797244
