results:
  endofexp_other_rating_neg: 0.00027178345459657566
  endofexp_other_rating_pos: 0.96895772197841
  endofexp_other_rating_zero: 0.03077049456699344
  endofexp_p_self_action_press: 0.08
  endofexp_self_rating_neg: 0.08502153996269399
  endofexp_self_rating_pos: 0.5909108114703578
  endofexp_self_rating_zero: 0.3240676485669481
