results:
  endofexp_other_rating_neg: 0.8336088504814977
  endofexp_other_rating_pos: 0.0021404353367144033
  endofexp_other_rating_zero: 0.16425071418178797
  endofexp_p_self_action_press: 0.08
  endofexp_self_rating_neg: 0.21592628871047262
  endofexp_self_rating_pos: 0.09878216789790814
  endofexp_self_rating_zero: 0.6852915433916194
