results:
  endofexp_other_rating_neg: 0.6848242422990456
  endofexp_other_rating_pos: 0.05626484502295085
  endofexp_other_rating_zero: 0.2589109126780034
  endofexp_p_self_action_press: 0.08
  endofexp_self_rating_neg: 0.8230009401477638
  endofexp_self_rating_pos: 0.001624931295953639
  endofexp_self_rating_zero: 0.17537412855628257
