results:
  endofexp_other_rating_neg: 0.8531962302816287
  endofexp_other_rating_pos: 0.0005955893457694737
  endofexp_other_rating_zero: 0.14620818037260191
  endofexp_p_self_action_press: 0.12
  endofexp_self_rating_neg: 0.12480300259687592
  endofexp_self_rating_pos: 0.13386978697671298
  endofexp_self_rating_zero: 0.741327210426411
