results:
  endofexp_other_rating_neg: 0.21737478564529386
  endofexp_other_rating_pos: 0.2610877659025193
  endofexp_other_rating_zero: 0.5215374484521867
  endofexp_p_self_action_press: 0.6
  endofexp_self_rating_neg: 0.00019122833699183566
  endofexp_self_rating_pos: 0.9756658039584751
  endofexp_self_rating_zero: 0.024142967704532985
