results:
  endofexp_other_rating_neg: 0.0004018564728237815
  endofexp_other_rating_pos: 0.9589735755175037
  endofexp_other_rating_zero: 0.04062456800967255
  endofexp_p_self_action_press: 0.08
  endofexp_self_rating_neg: 0.6121160294507088
  endofexp_self_rating_pos: 0.06224923831474134
  endofexp_self_rating_zero: 0.3256347322345499
