results:
  endofexp_other_rating_neg: 0.00019601288638728979
  endofexp_other_rating_pos: 0.9518744505944892
  endofexp_other_rating_zero: 0.04792953651912356
  endofexp_p_self_action_press: 0.12
  endofexp_self_rating_neg: 0.059848101801492096
  endofexp_self_rating_pos: 0.58567552284003
  endofexp_self_rating_zero: 0.3544763753584779
