results:
  endofexp_other_rating_neg: 0.27545923879281753
  endofexp_other_rating_pos: 0.35248964544138983
  endofexp_other_rating_zero: 0.37205111576579264
  endofexp_p_self_action_press: 0.76
  endofexp_self_rating_neg: 0.06059786779980223
  endofexp_self_rating_pos: 0.6844496099715691
  endofexp_self_rating_zero: 0.2549525222286285
