results:
  endofexp_other_rating_neg: 0.9647840594525652
  endofexp_other_rating_pos: 0.00020901294519388067
  endofexp_other_rating_zero: 0.03500692760224098
  endofexp_p_self_action_press: 0.8
  endofexp_self_rating_neg: 0.45899208120231966
  endofexp_self_rating_pos: 0.10321818322017284
  endofexp_self_rating_zero: 0.43778973557750755
