results:
  endofexp_other_rating_neg: 0.24411551236100182
  endofexp_other_rating_pos: 0.24907855633776954
  endofexp_other_rating_zero: 0.5068059313012286
  endofexp_p_self_action_press: 0.28
  endofexp_self_rating_neg: 0.9697404529600697
  endofexp_self_rating_pos: 0.0002556007514381088
  endofexp_self_rating_zero: 0.03000394628849216
