results:
  endofexp_other_rating_neg: 0.9947633136577204
  endofexp_other_rating_pos: 4.584401710729276e-05
  endofexp_other_rating_zero: 0.005190842325172199
  endofexp_p_self_action_press: 0.16
  endofexp_self_rating_neg: 0.10280754266343815
  endofexp_self_rating_pos: 0.10510222806325296
  endofexp_self_rating_zero: 0.7920902292733087
