results:
  endofexp_other_rating_neg: 0.35240817741385466
  endofexp_other_rating_pos: 0.2790216565794919
  endofexp_other_rating_zero: 0.3685701660066534
  endofexp_p_self_action_press: 0.12
  endofexp_self_rating_neg: 0.6621226400909664
  endofexp_self_rating_pos: 0.07171074268476436
  endofexp_self_rating_zero: 0.26616661722426926
