results:
  endofexp_other_rating_neg: 0.374150776070821
  endofexp_other_rating_pos: 0.12741355517278588
  endofexp_other_rating_zero: 0.49843566875639306
  endofexp_p_self_action_press: 0.44
  endofexp_self_rating_neg: 0.9716656204742279
  endofexp_self_rating_pos: 0.00026529325481707065
  endofexp_self_rating_zero: 0.02806908627095493
