results:
  endofexp_other_rating_neg: 0.25056631473243707
  endofexp_other_rating_pos: 0.4069093938979962
  endofexp_other_rating_zero: 0.3425242913695667
  endofexp_p_self_action_press: 0.4
  endofexp_self_rating_neg: 0.2717769434467916
  endofexp_self_rating_pos: 0.3835183098926774
  endofexp_self_rating_zero: 0.344704746660531
