results:
  endofexp_other_rating_neg: 9.405535898151087e-05
  endofexp_other_rating_pos: 0.9922465125417432
  endofexp_other_rating_zero: 0.007659432099275211
  endofexp_p_self_action_press: 0.24
  endofexp_self_rating_neg: 0.026369873578974003
  endofexp_self_rating_pos: 0.3568802752668536
  endofexp_self_rating_zero: 0.6167498511541724
