results:
  endofexp_other_rating_neg: 0.00031447011908117696
  endofexp_other_rating_pos: 0.9468748313166738
  endofexp_other_rating_zero: 0.052810698564245015
  endofexp_p_self_action_press: 0.88
  endofexp_self_rating_neg: 0.019963692383252588
  endofexp_self_rating_pos: 0.6923590541839356
  endofexp_self_rating_zero: 0.2876772534328119
