results:
  endofexp_other_rating_neg: 0.4348115558107094
  endofexp_other_rating_pos: 0.098220848782632
  endofexp_other_rating_zero: 0.46696759540665855
  endofexp_p_self_action_press: 0.72
  endofexp_self_rating_neg: 0.0002614650155204085
  endofexp_self_rating_pos: 0.9660809606775406
  endofexp_self_rating_zero: 0.033657574306939164
