results:
  endofexp_other_rating_neg: 0.1428556894139869
  endofexp_other_rating_pos: 0.5011991557244658
  endofexp_other_rating_zero: 0.3559451548615472
  endofexp_p_self_action_press: 0.48
  endofexp_self_rating_neg: 0.26587098539518195
  endofexp_self_rating_pos: 0.3099227662035362
  endofexp_self_rating_zero: 0.4242062484012818
