results:
  endofexp_other_rating_neg: 6.341633302045097e-05
  endofexp_other_rating_pos: 0.9932603730694003
  endofexp_other_rating_zero: 0.0066762105975792995
  endofexp_p_self_action_press: 0.2
  endofexp_self_rating_neg: 0.06136062331108179
  endofexp_self_rating_pos: 0.17974870635480933
  endofexp_self_rating_zero: 0.758890670334109
