results:
  endofexp_other_rating_neg: 0.02694292367936509
  endofexp_other_rating_pos: 0.7638676745348297
  endofexp_other_rating_zero: 0.20918940178580517
  endofexp_p_self_action_press: 0.08
  endofexp_self_rating_neg: 0.7853240929240066
  endofexp_self_rating_pos: 0.005012007744348211
  endofexp_self_rating_zero: 0.20966389933164528
