results:
  endofexp_other_rating_neg: 0.26853136700442315
  endofexp_other_rating_pos: 0.21446670124238107
  endofexp_other_rating_zero: 0.5170019317531958
  endofexp_p_self_action_press: 0.36
  endofexp_self_rating_neg: 0.9709538530805645
  endofexp_self_rating_pos: 0.0003241110491815037
  endofexp_self_rating_zero: 0.028722035870253942
