results:
  endofexp_other_rating_neg: 0.5750866108736987
  endofexp_other_rating_pos: 0.04002426822550132
  endofexp_other_rating_zero: 0.3848891209008
  endofexp_p_self_action_press: 0.32
  endofexp_self_rating_neg: 0.9625690785802671
  endofexp_self_rating_pos: 0.000426036637479154
  endofexp_self_rating_zero: 0.03700488478225383
