results:
  endofexp_other_rating_neg: 0.6015083715584464
  endofexp_other_rating_pos: 0.10308210172048797
  endofexp_other_rating_zero: 0.2954095267210657
  endofexp_p_self_action_press: 0.96
  endofexp_self_rating_neg: 0.23664345056234404
  endofexp_self_rating_pos: 0.4120009051292846
  endofexp_self_rating_zero: 0.3513556443083714
