results:
  endofexp_other_rating_neg: 0.2829115762747136
  endofexp_other_rating_pos: 0.39383514581699863
  endofexp_other_rating_zero: 0.3232532779082877
  endofexp_p_self_action_press: 0.44
  endofexp_self_rating_neg: 0.33087726751143687
  endofexp_self_rating_pos: 0.36332876412725124
  endofexp_self_rating_zero: 0.3057939683613119
