results:
  endofexp_other_rating_neg: 0.35883432552735195
  endofexp_other_rating_pos: 0.2868535946458806
  endofexp_other_rating_zero: 0.3543120798267675
  endofexp_p_self_action_press: 0.28
  endofexp_self_rating_neg: 0.993156056946847
  endofexp_self_rating_pos: 1.1641907493731907e-05
  endofexp_self_rating_zero: 0.006832301145659203
