results:
  endofexp_other_rating_neg: 0.3672121945945488
  endofexp_other_rating_pos: 0.14853011769842217
  endofexp_other_rating_zero: 0.48425768770702915
  endofexp_p_self_action_press: 0.6
  endofexp_self_rating_neg: 3.6384533432719457e-06
  endofexp_self_rating_pos: 0.9938961270378625
  endofexp_self_rating_zero: 0.006100234508794399
