results:
  endofexp_other_rating_neg: 0.13307664089315452
  endofexp_other_rating_pos: 0.35947165226376065
  endofexp_other_rating_zero: 0.5074517068430848
  endofexp_p_self_action_press: 0.32
  endofexp_self_rating_neg: 0.9800659397168717
  endofexp_self_rating_pos: 0.00015729123737242371
  endofexp_self_rating_zero: 0.01977676904575571
