results:
  endofexp_other_rating_neg: 0.16155632059708083
  endofexp_other_rating_pos: 0.4855276364147089
  endofexp_other_rating_zero: 0.35291604298821017
  endofexp_p_self_action_press: 0.56
  endofexp_self_rating_neg: 0.25167530109277103
  endofexp_self_rating_pos: 0.37283184452259527
  endofexp_self_rating_zero: 0.37549285438463376
