results:
  endofexp_other_rating_neg: 0.2900277470974246
  endofexp_other_rating_pos: 0.37781929716657914
  endofexp_other_rating_zero: 0.3321529557359962
  endofexp_p_self_action_press: 0.28
  endofexp_self_rating_neg: 0.9933788531125238
  endofexp_self_rating_pos: 3.0612640371626986e-05
  endofexp_self_rating_zero: 0.006590534247104366
