results:
  endofexp_other_rating_neg: 0.0004193553284391683
  endofexp_other_rating_pos: 0.9478550948372461
  endofexp_other_rating_zero: 0.05172554983431494
  endofexp_p_self_action_press: 0.08
  endofexp_self_rating_neg: 0.22708719103531036
  endofexp_self_rating_pos: 0.27577340866392125
  endofexp_self_rating_zero: 0.49713940030076853
