results:
  endofexp_other_rating_neg: 0.25520679644308514
  endofexp_other_rating_pos: 0.21851415651946354
  endofexp_other_rating_zero: 0.5262790470374513
  endofexp_p_self_action_press: 0.64
  endofexp_self_rating_neg: 0.0001543393016995493
  endofexp_self_rating_pos: 0.9771125535737611
  endofexp_self_rating_zero: 0.022733107124539388
