results:
  endofexp_other_rating_neg: 0.0600718664827289
  endofexp_other_rating_pos: 0.5267733581960591
  endofexp_other_rating_zero: 0.413154775321212
  endofexp_p_self_action_press: 0.28
  endofexp_self_rating_neg: 0.9685144173279543
  endofexp_self_rating_pos: 0.0002603945294450839
  endofexp_self_rating_zero: 0.031225188142600706
