results:
  endofexp_other_rating_neg: 0.0009542614886749852
  endofexp_other_rating_pos: 0.9160337994774781
  endofexp_other_rating_zero: 0.08301193903384693
  endofexp_p_self_action_press: 0.08
  endofexp_self_rating_neg: 0.4496738095268687
  endofexp_self_rating_pos: 0.09338835011331537
  endofexp_self_rating_zero: 0.45693784035981605
