results:
  endofexp_other_rating_neg: 0.8008458384248623
  endofexp_other_rating_pos: 0.006784682526562528
  endofexp_other_rating_zero: 0.1923694790485752
  endofexp_p_self_action_press: 0.08
  endofexp_self_rating_neg: 0.5890518969611697
  endofexp_self_rating_pos: 0.012100783608385419
  endofexp_self_rating_zero: 0.398847319430445
