results:
  endofexp_other_rating_neg: 0.02003118462790697
  endofexp_other_rating_pos: 0.7899389515079194
  endofexp_other_rating_zero: 0.19002986386417356
  endofexp_p_self_action_press: 0.12
  endofexp_self_rating_neg: 0.006020505184389443
  endofexp_self_rating_pos: 0.7371776222152688
  endofexp_self_rating_zero: 0.25680187260034165
