results:
  endofexp_other_rating_neg: 0.0008333260236988661
  endofexp_other_rating_pos: 0.9358774866846449
  endofexp_other_rating_zero: 0.06328918729165632
  endofexp_p_self_action_press: 0.08
  endofexp_self_rating_neg: 0.04656899092465885
  endofexp_self_rating_pos: 0.6078325862964978
  endofexp_self_rating_zero: 0.3455984227788433
