results:
  endofexp_other_rating_neg: 0.4571781760360909
  endofexp_other_rating_pos: 0.20078183965748306
  endofexp_other_rating_zero: 0.34203998430642596
  endofexp_p_self_action_press: 0.44
  endofexp_self_rating_neg: 0.4449419017208165
  endofexp_self_rating_pos: 0.20230774623570333
  endofexp_self_rating_zero: 0.3527503520434801
