results:
  endofexp_other_rating_neg: 0.3444994410038944
  endofexp_other_rating_pos: 0.29237420693987864
  endofexp_other_rating_zero: 0.3631263520562269
  endofexp_p_self_action_press: 0.48
  endofexp_self_rating_neg: 0.24247386162276616
  endofexp_self_rating_pos: 0.3438580201131563
  endofexp_self_rating_zero: 0.4136681182640775
