results:
  endofexp_other_rating_neg: 0.24375596833885452
  endofexp_other_rating_pos: 0.13244996132312797
  endofexp_other_rating_zero: 0.6237940703380176
  endofexp_p_self_action_press: 0.28
  endofexp_self_rating_neg: 0.9554279677209339
  endofexp_self_rating_pos: 0.00020595013509927296
  endofexp_self_rating_zero: 0.04436608214396695
