results:
  endofexp_other_rating_neg: 0.012696465966028265
  endofexp_other_rating_pos: 0.8246317053441061
  endofexp_other_rating_zero: 0.1626718286898655
  endofexp_p_self_action_press: 0.08
  endofexp_self_rating_neg: 0.21091331611039987
  endofexp_self_rating_pos: 0.2091853765301315
  endofexp_self_rating_zero: 0.5799013073594687
