results:
  endofexp_other_rating_neg: 0.361723547374288
  endofexp_other_rating_pos: 0.2699589927004361
  endofexp_other_rating_zero: 0.3683174599252758
  endofexp_p_self_action_press: 0.12
  endofexp_self_rating_neg: 0.6571734284534881
  endofexp_self_rating_pos: 0.07524132725937979
  endofexp_self_rating_zero: 0.26758524428713204
