results:
  endofexp_other_rating_neg: 0.12377538024548347
  endofexp_other_rating_pos: 0.3977194019891285
  endofexp_other_rating_zero: 0.478505217765388
  endofexp_p_self_action_press: 0.28
  endofexp_self_rating_neg: 0.9679370335200136
  endofexp_self_rating_pos: 0.00032647263046434334
  endofexp_self_rating_zero: 0.03173649384952202
