results:
  endofexp_other_rating_neg: 0.31823811007395614
  endofexp_other_rating_pos: 0.2731993979074825
  endofexp_other_rating_zero: 0.4085624920185613
  endofexp_p_self_action_press: 0.4
  endofexp_self_rating_neg: 0.5406522610018862
  endofexp_self_rating_pos: 0.12603235425476053
  endofexp_self_rating_zero: 0.33331538474335315
