results:
  endofexp_other_rating_neg: 0.31859730806451036
  endofexp_other_rating_pos: 0.12997934417713702
  endofexp_other_rating_zero: 0.5514233477583526
  endofexp_p_self_action_press: 0.64
  endofexp_self_rating_neg: 0.0002787175684515235
  endofexp_self_rating_pos: 0.9631596167939825
  endofexp_self_rating_zero: 0.03656166563756595
