results:
  endofexp_other_rating_neg: 0.2016878500947342
  endofexp_other_rating_pos: 0.2811256157621516
  endofexp_other_rating_zero: 0.5171865341431141
  endofexp_p_self_action_press: 0.32
  endofexp_self_rating_neg: 0.9726691527350375
  endofexp_self_rating_pos: 0.00028930783537410484
  endofexp_self_rating_zero: 0.027041539429588344
