results:
  endofexp_other_rating_neg: 0.951331225514021
  endofexp_other_rating_pos: 0.0005278170028270639
  endofexp_other_rating_zero: 0.04814095748315178
  endofexp_p_self_action_press: 0.08
  endofexp_self_rating_neg: 0.402633160438359
  endofexp_self_rating_pos: 0.15694165099987117
  endofexp_self_rating_zero: 0.4404251885617699
