results:
  endofexp_other_rating_neg: 0.9325506964433639
  endofexp_other_rating_pos: 0.00039049847667254164
  endofexp_other_rating_zero: 0.06705880507996363
  endofexp_p_self_action_press: 0.04
  endofexp_self_rating_neg: 0.649276779344571
  endofexp_self_rating_pos: 0.024133415108708624
  endofexp_self_rating_zero: 0.3265898055467204
