results:
  endofexp_other_rating_neg: 0.23182953004696352
  endofexp_other_rating_pos: 0.24333045936812828
  endofexp_other_rating_zero: 0.5248400105849081
  endofexp_p_self_action_press: 0.64
  endofexp_self_rating_neg: 0.00021950733642222092
  endofexp_self_rating_pos: 0.9754056847111399
  endofexp_self_rating_zero: 0.02437480795243808
