results:
  endofexp_other_rating_neg: 0.43763124721640256
  endofexp_other_rating_pos: 0.23522849582903646
  endofexp_other_rating_zero: 0.32714025695456095
  endofexp_p_self_action_press: 0.48
  endofexp_self_rating_neg: 0.37069681642533236
  endofexp_self_rating_pos: 0.2734806403264591
  endofexp_self_rating_zero: 0.35582254324820856
