results:
  endofexp_other_rating_neg: 0.9616970893134043
  endofexp_other_rating_pos: 0.00021227525978570006
  endofexp_other_rating_zero: 0.038090635426810016
  endofexp_p_self_action_press: 0.08
  endofexp_self_rating_neg: 0.4355359009103228
  endofexp_self_rating_pos: 0.12366909145042172
  endofexp_self_rating_zero: 0.44079500763925544
