results:
  endofexp_other_rating_neg: 0.9490179885922754
  endofexp_other_rating_pos: 0.00030107177388706666
  endofexp_other_rating_zero: 0.05068093963383763
  endofexp_p_self_action_press: 0.92
  endofexp_self_rating_neg: 0.012830808656725647
  endofexp_self_rating_pos: 0.7305432545839461
  endofexp_self_rating_zero: 0.25662593675932843
