results:
  endofexp_other_rating_neg: 0.2537116013421372
  endofexp_other_rating_pos: 0.36061026629459025
  endofexp_other_rating_zero: 0.3856781323632724
  endofexp_p_self_action_press: 0.8
  endofexp_self_rating_neg: 0.02335127394770387
  endofexp_self_rating_pos: 0.7713633444877979
  endofexp_self_rating_zero: 0.20528538156449821
