results:
  endofexp_other_rating_neg: 0.041768207247507155
  endofexp_other_rating_pos: 0.5634946678051834
  endofexp_other_rating_zero: 0.39473712494730945
  endofexp_p_self_action_press: 0.64
  endofexp_self_rating_neg: 0.00028109094150641185
  endofexp_self_rating_pos: 0.9698651484532136
  endofexp_self_rating_zero: 0.02985376060527999
