results:
  endofexp_other_rating_neg: 0.8386485251718125
  endofexp_other_rating_pos: 0.0014968402899612108
  endofexp_other_rating_zero: 0.15985463453822638
  endofexp_p_self_action_press: 0.88
  endofexp_self_rating_neg: 0.055521734271402695
  endofexp_self_rating_pos: 0.25805643096488795
  endofexp_self_rating_zero: 0.6864218347637094
