results:
  endofexp_other_rating_neg: 0.31831332177455035
  endofexp_other_rating_pos: 0.17493793568309582
  endofexp_other_rating_zero: 0.5067487425423538
  endofexp_p_self_action_press: 0.28
  endofexp_self_rating_neg: 0.9696950034187973
  endofexp_self_rating_pos: 0.0003083825770825025
  endofexp_self_rating_zero: 0.029996614004120317
