results:
  endofexp_other_rating_neg: 0.522239625433977
  endofexp_other_rating_pos: 0.042363978523076926
  endofexp_other_rating_zero: 0.43539639604294617
  endofexp_p_self_action_press: 0.76
  endofexp_self_rating_neg: 0.1565602676719363
  endofexp_self_rating_pos: 0.3588340160411851
  endofexp_self_rating_zero: 0.48460571628687865
