results:
  endofexp_other_rating_neg: 0.42709953973152825
  endofexp_other_rating_pos: 0.225300980515304
  endofexp_other_rating_zero: 0.34759947975316774
  endofexp_p_self_action_press: 0.44
  endofexp_self_rating_neg: 0.5091508880280305
  endofexp_self_rating_pos: 0.15539443668697392
  endofexp_self_rating_zero: 0.3354546752849955
