results:
  endofexp_other_rating_neg: 0.16544938448353042
  endofexp_other_rating_pos: 0.25395723922164765
  endofexp_other_rating_zero: 0.5805933762948219
  endofexp_p_self_action_press: 0.64
  endofexp_self_rating_neg: 0.00017349157975107173
  endofexp_self_rating_pos: 0.9692935911191957
  endofexp_self_rating_zero: 0.030532917301053234
