results:
  endofexp_other_rating_neg: 0.8252667426509526
  endofexp_other_rating_pos: 0.006124136799059525
  endofexp_other_rating_zero: 0.16860912054998772
  endofexp_p_self_action_press: 0.12
  endofexp_self_rating_neg: 0.20833773230334227
  endofexp_self_rating_pos: 0.1823024462013539
  endofexp_self_rating_zero: 0.6093598214953038
