results:
  endofexp_other_rating_neg: 0.6795830443593672
  endofexp_other_rating_pos: 0.058078025309058326
  endofexp_other_rating_zero: 0.26233893033157435
  endofexp_p_self_action_press: 0.04
  endofexp_self_rating_neg: 0.2543268382631484
  endofexp_self_rating_pos: 0.38276495032068075
  endofexp_self_rating_zero: 0.36290821141617086
