results:
  endofexp_other_rating_neg: 0.26586974485488857
  endofexp_other_rating_pos: 0.21210680753066563
  endofexp_other_rating_zero: 0.5220234476144459
  endofexp_p_self_action_press: 0.64
  endofexp_self_rating_neg: 0.00021598434674055091
  endofexp_self_rating_pos: 0.9759251292831919
  endofexp_self_rating_zero: 0.023858886370067636
