results:
  endofexp_other_rating_neg: 0.42121405813304186
  endofexp_other_rating_pos: 0.09971145582887235
  endofexp_other_rating_zero: 0.4790744860380859
  endofexp_p_self_action_press: 0.6
  endofexp_self_rating_neg: 0.00010282033300512717
  endofexp_self_rating_pos: 0.9805436189992677
  endofexp_self_rating_zero: 0.019353560667727032
