results:
  endofexp_other_rating_neg: 0.06370457809205599
  endofexp_other_rating_pos: 0.4707338939211672
  endofexp_other_rating_zero: 0.46556152798677675
  endofexp_p_self_action_press: 0.6
  endofexp_self_rating_neg: 0.00033790004077175563
  endofexp_self_rating_pos: 0.9622315402312508
  endofexp_self_rating_zero: 0.03743055972797742
