results:
  endofexp_other_rating_neg: 0.273640153415919
  endofexp_other_rating_pos: 0.3716224149485225
  endofexp_other_rating_zero: 0.35473743163555854
  endofexp_p_self_action_press: 0.4
  endofexp_self_rating_neg: 0.5298638464348546
  endofexp_self_rating_pos: 0.1505388744333158
  endofexp_self_rating_zero: 0.3195972791318296
