results:
  endofexp_other_rating_neg: 0.059827007079646784
  endofexp_other_rating_pos: 0.6746941257114802
  endofexp_other_rating_zero: 0.26547886720887287
  endofexp_p_self_action_press: 0.04
  endofexp_self_rating_neg: 0.4098243052291681
  endofexp_self_rating_pos: 0.2292760684806943
  endofexp_self_rating_zero: 0.3608996262901378
