results:
  endofexp_other_rating_neg: 0.49405435907763895
  endofexp_other_rating_pos: 0.06829158143129199
  endofexp_other_rating_zero: 0.437654059491069
  endofexp_p_self_action_press: 0.36
  endofexp_self_rating_neg: 0.9696937353515199
  endofexp_self_rating_pos: 0.000279829410358794
  endofexp_self_rating_zero: 0.03002643523812137
