results:
  endofexp_other_rating_neg: 0.21564023122891648
  endofexp_other_rating_pos: 0.2609651563926196
  endofexp_other_rating_zero: 0.523394612378464
  endofexp_p_self_action_press: 0.64
  endofexp_self_rating_neg: 0.0002434044564278606
  endofexp_self_rating_pos: 0.9742170263878426
  endofexp_self_rating_zero: 0.025539569155729466
