results:
  endofexp_other_rating_neg: 0.39571060294652033
  endofexp_other_rating_pos: 0.25290696170101923
  endofexp_other_rating_zero: 0.3513824353524604
  endofexp_p_self_action_press: 0.64
  endofexp_self_rating_neg: 9.935812324368496e-06
  endofexp_self_rating_pos: 0.9930573305873756
  endofexp_self_rating_zero: 0.006932733600300104
