results:
  endofexp_other_rating_neg: 0.2203153129467641
  endofexp_other_rating_pos: 0.47407324688903374
  endofexp_other_rating_zero: 0.30561144016420205
  endofexp_p_self_action_press: 0.28
  endofexp_self_rating_neg: 0.9931881489920273
  endofexp_self_rating_pos: 4.423788161948033e-05
  endofexp_self_rating_zero: 0.006767613126353227
