results:
  endofexp_other_rating_neg: 0.287029316238622
  endofexp_other_rating_pos: 0.3594864835393607
  endofexp_other_rating_zero: 0.3534842002220172
  endofexp_p_self_action_press: 0.28
  endofexp_self_rating_neg: 0.9936447574883517
  endofexp_self_rating_pos: 8.631711853859832e-06
  endofexp_self_rating_zero: 0.006346610799794367
