results:
  endofexp_other_rating_neg: 0.2346359845866215
  endofexp_other_rating_pos: 0.24996886845551083
  endofexp_other_rating_zero: 0.5153951469578677
  endofexp_p_self_action_press: 0.36
  endofexp_self_rating_neg: 0.9709154527143959
  endofexp_self_rating_pos: 0.0003242564393391117
  endofexp_self_rating_zero: 0.028760290846264865
