results:
  endofexp_other_rating_neg: 0.9083397871544908
  endofexp_other_rating_pos: 0.00024216539856265038
  endofexp_other_rating_zero: 0.09141804744694652
  endofexp_p_self_action_press: 0.12
  endofexp_self_rating_neg: 0.15508526476429366
  endofexp_self_rating_pos: 0.21084423709185693
  endofexp_self_rating_zero: 0.6340704981438493
