results:
  endofexp_other_rating_neg: 0.007251805018405582
  endofexp_other_rating_pos: 0.9298114651175488
  endofexp_other_rating_zero: 0.06293672986404586
  endofexp_p_self_action_press: 0.08
  endofexp_self_rating_neg: 0.016040416029559523
  endofexp_self_rating_pos: 0.787732588855259
  endofexp_self_rating_zero: 0.1962269951151815
