results:
  endofexp_other_rating_neg: 0.14266251738722321
  endofexp_other_rating_pos: 0.26293781032396074
  endofexp_other_rating_zero: 0.5943996722888161
  endofexp_p_self_action_press: 0.28
  endofexp_self_rating_neg: 0.9549399520470547
  endofexp_self_rating_pos: 0.00018172477376166352
  endofexp_self_rating_zero: 0.044878323179183686
