results:
  endofexp_other_rating_neg: 0.427156072570754
  endofexp_other_rating_pos: 0.24328087273094356
  endofexp_other_rating_zero: 0.3295630546983024
  endofexp_p_self_action_press: 0.52
  endofexp_self_rating_neg: 0.23008950218540308
  endofexp_self_rating_pos: 0.42494672134644923
  endofexp_self_rating_zero: 0.3449637764681476
