results:
  endofexp_other_rating_neg: 0.2418455354954331
  endofexp_other_rating_pos: 0.155707947964501
  endofexp_other_rating_zero: 0.6024465165400659
  endofexp_p_self_action_press: 0.28
  endofexp_self_rating_neg: 0.9543083440089278
  endofexp_self_rating_pos: 0.00021522207286521022
  endofexp_self_rating_zero: 0.04547643391820691
