results:
  endofexp_other_rating_neg: 0.2537177504893648
  endofexp_other_rating_pos: 0.38187832714385556
  endofexp_other_rating_zero: 0.36440392236677965
  endofexp_p_self_action_press: 0.44
  endofexp_self_rating_neg: 0.436872366210354
  endofexp_self_rating_pos: 0.2057591541894115
  endofexp_self_rating_zero: 0.3573684796002345
