results:
  endofexp_other_rating_neg: 0.7424559753264122
  endofexp_other_rating_pos: 0.035543085984348896
  endofexp_other_rating_zero: 0.22200093868923898
  endofexp_p_self_action_press: 0.08
  endofexp_self_rating_neg: 0.7366306367233958
  endofexp_self_rating_pos: 0.006001591745966901
  endofexp_self_rating_zero: 0.2573677715306372
