results:
  endofexp_other_rating_neg: 0.1367105426560144
  endofexp_other_rating_pos: 0.33616712817602407
  endofexp_other_rating_zero: 0.5271223291679615
  endofexp_p_self_action_press: 0.64
  endofexp_self_rating_neg: 0.00022570842517259993
  endofexp_self_rating_pos: 0.9696789660174034
  endofexp_self_rating_zero: 0.03009532555742394
