results:
  endofexp_other_rating_neg: 0.16985047773995107
  endofexp_other_rating_pos: 0.5732582962217797
  endofexp_other_rating_zero: 0.2568912260382692
  endofexp_p_self_action_press: 0.28
  endofexp_self_rating_neg: 0.9949548261552192
  endofexp_self_rating_pos: 2.7532873612112684e-05
  endofexp_self_rating_zero: 0.005017640971168753
