results:
  endofexp_other_rating_neg: 0.5936865973510516
  endofexp_other_rating_pos: 0.10973523933827414
  endofexp_other_rating_zero: 0.2965781633106743
  endofexp_p_self_action_press: 0.04
  endofexp_self_rating_neg: 0.39833803165990617
  endofexp_self_rating_pos: 0.2515002213972795
  endofexp_self_rating_zero: 0.3501617469428143
