results:
  endofexp_other_rating_neg: 0.0010597972040984963
  endofexp_other_rating_pos: 0.908793731113481
  endofexp_other_rating_zero: 0.09014647168242043
  endofexp_p_self_action_press: 0.04
  endofexp_self_rating_neg: 0.634162292885805
  endofexp_self_rating_pos: 0.029974795887677562
  endofexp_self_rating_zero: 0.33586291122651746
