results:
  endofexp_other_rating_neg: 0.9440574448409458
  endofexp_other_rating_pos: 0.0005829395260025335
  endofexp_other_rating_zero: 0.05535961563305154
  endofexp_p_self_action_press: 0.08
  endofexp_self_rating_neg: 0.5494876377037266
  endofexp_self_rating_pos: 0.0744777505951623
  endofexp_self_rating_zero: 0.37603461170111113
