results:
  endofexp_other_rating_neg: 0.36045564586939904
  endofexp_other_rating_pos: 0.16672031259669853
  endofexp_other_rating_zero: 0.4728240415339024
  endofexp_p_self_action_press: 0.36
  endofexp_self_rating_neg: 0.9810199388696343
  endofexp_self_rating_pos: 0.00013869233012858725
  endofexp_self_rating_zero: 0.018841368800237006
