results:
  endofexp_other_rating_neg: 0.9482156070323258
  endofexp_other_rating_pos: 0.0002812829161704419
  endofexp_other_rating_zero: 0.0515031100515038
  endofexp_p_self_action_press: 0.08
  endofexp_self_rating_neg: 0.33386533594196294
  endofexp_self_rating_pos: 0.1520520166622141
  endofexp_self_rating_zero: 0.514082647395823
