results:
  endofexp_other_rating_neg: 0.25379247517070863
  endofexp_other_rating_pos: 0.38053671556394075
  endofexp_other_rating_zero: 0.3656708092653505
  endofexp_p_self_action_press: 0.4
  endofexp_self_rating_neg: 0.5581960938414243
  endofexp_self_rating_pos: 0.11277292480705718
  endofexp_self_rating_zero: 0.32903098135151837
