results:
  endofexp_other_rating_neg: 0.06426081442584487
  endofexp_other_rating_pos: 0.5116422105890995
  endofexp_other_rating_zero: 0.42409697498505555
  endofexp_p_self_action_press: 0.36
  endofexp_self_rating_neg: 0.960313158158142
  endofexp_self_rating_pos: 0.0005474900933857261
  endofexp_self_rating_zero: 0.03913935174847222
