results:
  endofexp_other_rating_neg: 0.34964886642867826
  endofexp_other_rating_pos: 0.29988892549405605
  endofexp_other_rating_zero: 0.35046220807726575
  endofexp_p_self_action_press: 0.36
  endofexp_self_rating_neg: 0.5037994735042916
  endofexp_self_rating_pos: 0.13095023342775894
  endofexp_self_rating_zero: 0.3652502930679496
