results:
  endofexp_other_rating_neg: 0.016158436967539453
  endofexp_other_rating_pos: 0.8085963989371256
  endofexp_other_rating_zero: 0.17524516409533483
  endofexp_p_self_action_press: 0.08
  endofexp_self_rating_neg: 0.4453606586255226
  endofexp_self_rating_pos: 0.07321065715661057
  endofexp_self_rating_zero: 0.4814286842178668
