results:
  endofexp_other_rating_neg: 0.9514888026748022
  endofexp_other_rating_pos: 0.00046973660893862885
  endofexp_other_rating_zero: 0.048041460716259296
  endofexp_p_self_action_press: 0.04
  endofexp_self_rating_neg: 0.5848920932823458
  endofexp_self_rating_pos: 0.06465128393238267
  endofexp_self_rating_zero: 0.3504566227852715
