results:
  endofexp_other_rating_neg: 0.05521581890354639
  endofexp_other_rating_pos: 0.19919838529821227
  endofexp_other_rating_zero: 0.7455857957982414
  endofexp_p_self_action_press: 0.56
  endofexp_self_rating_neg: 5.263114904405044e-05
  endofexp_self_rating_pos: 0.9952933889148147
  endofexp_self_rating_zero: 0.004653979936141259
