results:
  endofexp_other_rating_neg: 0.18901279416881475
  endofexp_other_rating_pos: 0.48773604328323417
  endofexp_other_rating_zero: 0.323251162547951
  endofexp_p_self_action_press: 0.6
  endofexp_self_rating_neg: 0.20726651043618605
  endofexp_self_rating_pos: 0.4388214016897687
  endofexp_self_rating_zero: 0.35391208787404527
