results:
  endofexp_other_rating_neg: 0.0007384056864081666
  endofexp_other_rating_pos: 0.9569131617822381
  endofexp_other_rating_zero: 0.04234843253135382
  endofexp_p_self_action_press: 0.04
  endofexp_self_rating_neg: 0.5067132511838974
  endofexp_self_rating_pos: 0.13440258691461116
  endofexp_self_rating_zero: 0.3588841619014913
