results:
  endofexp_other_rating_neg: 0.10951736387760883
  endofexp_other_rating_pos: 0.595395686528683
  endofexp_other_rating_zero: 0.2950869495937081
  endofexp_p_self_action_press: 0.04
  endofexp_self_rating_neg: 0.37167820746472297
  endofexp_self_rating_pos: 0.27319805695060095
  endofexp_self_rating_zero: 0.35512373558467614
