results:
  endofexp_other_rating_neg: 0.20624407093414843
  endofexp_other_rating_pos: 0.5439471741661532
  endofexp_other_rating_zero: 0.2498087548996983
  endofexp_p_self_action_press: 0.32
  endofexp_self_rating_neg: 0.9942395716198884
  endofexp_self_rating_pos: 4.584912542738912e-05
  endofexp_self_rating_zero: 0.005714579254684197
