results:
  endofexp_other_rating_neg: 0.9188711327824578
  endofexp_other_rating_pos: 0.0006652386298984034
  endofexp_other_rating_zero: 0.08046362858764386
  endofexp_p_self_action_press: 0.08
  endofexp_self_rating_neg: 0.3986449801066539
  endofexp_self_rating_pos: 0.10881846816809208
  endofexp_self_rating_zero: 0.49253655172525396
