results:
  endofexp_other_rating_neg: 0.12410835385287908
  endofexp_other_rating_pos: 0.2951971916401348
  endofexp_other_rating_zero: 0.5806944545069861
  endofexp_p_self_action_press: 0.56
  endofexp_self_rating_neg: 0.00017895174491462714
  endofexp_self_rating_pos: 0.9670753960043076
  endofexp_self_rating_zero: 0.032745652250777836
