results:
  endofexp_other_rating_neg: 0.6849133325307004
  endofexp_other_rating_pos: 0.033258657729856325
  endofexp_other_rating_zero: 0.2818280097394432
  endofexp_p_self_action_press: 0.32
  endofexp_self_rating_neg: 0.10903366086956108
  endofexp_self_rating_pos: 0.548195253645685
  endofexp_self_rating_zero: 0.3427710854847539
