results:
  endofexp_other_rating_neg: 0.19339998164791378
  endofexp_other_rating_pos: 0.3105969165643569
  endofexp_other_rating_zero: 0.49600310178772944
  endofexp_p_self_action_press: 0.28
  endofexp_self_rating_neg: 0.9618203609275663
  endofexp_self_rating_pos: 0.00044304699033797065
  endofexp_self_rating_zero: 0.03773659208209589
