results:
  endofexp_other_rating_neg: 0.9597939035075013
  endofexp_other_rating_pos: 0.0004506664885385348
  endofexp_other_rating_zero: 0.03975543000396027
  endofexp_p_self_action_press: 0.08
  endofexp_self_rating_neg: 0.6139258629220407
  endofexp_self_rating_pos: 0.06323615566867688
  endofexp_self_rating_zero: 0.3228379814092824
