results:
  endofexp_other_rating_neg: 0.8899158990115444
  endofexp_other_rating_pos: 0.0010739197069788015
  endofexp_other_rating_zero: 0.10901018128147674
  endofexp_p_self_action_press: 0.08
  endofexp_self_rating_neg: 0.005371520202328494
  endofexp_self_rating_pos: 0.7483586230970182
  endofexp_self_rating_zero: 0.24626985670065343
