results:
  endofexp_other_rating_neg: 0.2813929655799493
  endofexp_other_rating_pos: 0.4065495211760095
  endofexp_other_rating_zero: 0.3120575132440411
  endofexp_p_self_action_press: 0.28
  endofexp_self_rating_neg: 0.9931962296060947
  endofexp_self_rating_pos: 3.9285683786829914e-05
  endofexp_self_rating_zero: 0.006764484710118546
