results:
  endofexp_other_rating_neg: 0.8356365750423327
  endofexp_other_rating_pos: 0.001895451054737987
  endofexp_other_rating_zero: 0.1624679739029294
  endofexp_p_self_action_press: 0.12
  endofexp_self_rating_neg: 0.06480736225559514
  endofexp_self_rating_pos: 0.3352300769552939
  endofexp_self_rating_zero: 0.5999625607891109
