results:
  endofexp_other_rating_neg: 0.2918134759573665
  endofexp_other_rating_pos: 0.3434173830928917
  endofexp_other_rating_zero: 0.3647691409497417
  endofexp_p_self_action_press: 0.52
  endofexp_self_rating_neg: 0.22060047567320648
  endofexp_self_rating_pos: 0.4069651919709336
  endofexp_self_rating_zero: 0.37243433235586
