results:
  endofexp_other_rating_neg: 0.24787916392051074
  endofexp_other_rating_pos: 0.23345568636714226
  endofexp_other_rating_zero: 0.5186651497123471
  endofexp_p_self_action_press: 0.36
  endofexp_self_rating_neg: 0.9738511143159907
  endofexp_self_rating_pos: 0.00021704364657326567
  endofexp_self_rating_zero: 0.025931842037436127
