results:
  endofexp_other_rating_neg: 0.4307263928319711
  endofexp_other_rating_pos: 0.2400978928011332
  endofexp_other_rating_zero: 0.32917571436689563
  endofexp_p_self_action_press: 0.48
  endofexp_self_rating_neg: 0.5907319452992128
  endofexp_self_rating_pos: 0.15690651011113466
  endofexp_self_rating_zero: 0.25236154458965254
