results:
  endofexp_other_rating_neg: 0.015145145992603365
  endofexp_other_rating_pos: 0.8095106120583956
  endofexp_other_rating_zero: 0.17534424194900103
  endofexp_p_self_action_press: 0.88
  endofexp_self_rating_neg: 0.012975141510658103
  endofexp_self_rating_pos: 0.64905805830362
  endofexp_self_rating_zero: 0.3379668001857219
