results:
  endofexp_other_rating_neg: 0.45490803875202274
  endofexp_other_rating_pos: 0.08530077696171101
  endofexp_other_rating_zero: 0.4597911842862664
  endofexp_p_self_action_press: 0.28
  endofexp_self_rating_neg: 0.9766409260881327
  endofexp_self_rating_pos: 0.0001645293840132726
  endofexp_self_rating_zero: 0.02319454452785419
