results:
  endofexp_other_rating_neg: 0.31879673159633826
  endofexp_other_rating_pos: 0.378853803017304
  endofexp_other_rating_zero: 0.3023494653863577
  endofexp_p_self_action_press: 0.28
  endofexp_self_rating_neg: 0.9931159097800512
  endofexp_self_rating_pos: 4.259663431439491e-05
  endofexp_self_rating_zero: 0.00684149358563431
