results:
  endofexp_other_rating_neg: 0.29395169837932383
  endofexp_other_rating_pos: 0.31803899244712663
  endofexp_other_rating_zero: 0.38800930917354953
  endofexp_p_self_action_press: 0.2
  endofexp_self_rating_neg: 0.7698906049495619
  endofexp_self_rating_pos: 0.024918000385846514
  endofexp_self_rating_zero: 0.20519139466459166
