results:
  endofexp_other_rating_neg: 0.9524573127486574
  endofexp_other_rating_pos: 0.00023431817833751515
  endofexp_other_rating_zero: 0.04730836907300506
  endofexp_p_self_action_press: 0.08
  endofexp_self_rating_neg: 0.14622071608263731
  endofexp_self_rating_pos: 0.34763057575140455
  endofexp_self_rating_zero: 0.5061487081659581
