results:
  endofexp_other_rating_neg: 0.014811863496431522
  endofexp_other_rating_pos: 0.8152690659679671
  endofexp_other_rating_zero: 0.16991907053560132
  endofexp_p_self_action_press: 0.08
  endofexp_self_rating_neg: 0.40726219437328953
  endofexp_self_rating_pos: 0.0869382669105495
  endofexp_self_rating_zero: 0.505799538716161
