results:
  endofexp_other_rating_neg: 0.49677835544804294
  endofexp_other_rating_pos: 0.1568175726933555
  endofexp_other_rating_zero: 0.3464040718586015
  endofexp_p_self_action_press: 0.48
  endofexp_self_rating_neg: 0.1111194520025671
  endofexp_self_rating_pos: 0.5209759668625789
  endofexp_self_rating_zero: 0.36790458113485397
