results:
  endofexp_other_rating_neg: 0.00019971999029947448
  endofexp_other_rating_pos: 0.9416872533714986
  endofexp_other_rating_zero: 0.0581130266382018
  endofexp_p_self_action_press: 0.12
  endofexp_self_rating_neg: 0.28831943261279663
  endofexp_self_rating_pos: 0.13059927497779414
  endofexp_self_rating_zero: 0.5810812924094092
