results:
  endofexp_other_rating_neg: 0.3271317244165445
  endofexp_other_rating_pos: 0.14063670593788652
  endofexp_other_rating_zero: 0.5322315696455691
  endofexp_p_self_action_press: 0.6
  endofexp_self_rating_neg: 0.00023215657544495725
  endofexp_self_rating_pos: 0.9693248438813528
  endofexp_self_rating_zero: 0.030442999543202273
