results:
  endofexp_other_rating_neg: 0.5105645812687112
  endofexp_other_rating_pos: 0.15204113718777346
  endofexp_other_rating_zero: 0.3373942815435153
  endofexp_p_self_action_press: 0.52
  endofexp_self_rating_neg: 0.31381634124903796
  endofexp_self_rating_pos: 0.31827374141829307
  endofexp_self_rating_zero: 0.367909917332669
