results:
  endofexp_other_rating_neg: 0.3786952981824052
  endofexp_other_rating_pos: 0.08952803732597311
  endofexp_other_rating_zero: 0.5317766644916216
  endofexp_p_self_action_press: 0.64
  endofexp_self_rating_neg: 0.0002117129195370592
  endofexp_self_rating_pos: 0.9662822599164866
  endofexp_self_rating_zero: 0.03350602716397644
