results:
  endofexp_other_rating_neg: 0.3593841397158408
  endofexp_other_rating_pos: 0.1079838735058629
  endofexp_other_rating_zero: 0.5326319867782964
  endofexp_p_self_action_press: 0.64
  endofexp_self_rating_neg: 0.0001709953424882399
  endofexp_self_rating_pos: 0.9696216528627847
  endofexp_self_rating_zero: 0.030207351794727066
