results:
  endofexp_other_rating_neg: 0.2893519047008477
  endofexp_other_rating_pos: 0.321967009659726
  endofexp_other_rating_zero: 0.3886810856394263
  endofexp_p_self_action_press: 0.76
  endofexp_self_rating_neg: 0.020875832259338638
  endofexp_self_rating_pos: 0.7802483886493025
  endofexp_self_rating_zero: 0.19887577909135878
