results:
  endofexp_other_rating_neg: 0.46926989188442136
  endofexp_other_rating_pos: 0.1926034294240419
  endofexp_other_rating_zero: 0.33812667869153673
  endofexp_p_self_action_press: 0.48
  endofexp_self_rating_neg: 0.6338386788502877
  endofexp_self_rating_pos: 0.07353531043174691
  endofexp_self_rating_zero: 0.29262601071796546
