results:
  endofexp_other_rating_neg: 0.12712112998964076
  endofexp_other_rating_pos: 0.413381780959678
  endofexp_other_rating_zero: 0.45949708905068126
  endofexp_p_self_action_press: 0.24
  endofexp_self_rating_neg: 0.9471942128626241
  endofexp_self_rating_pos: 0.0011060430589473259
  endofexp_self_rating_zero: 0.05169974407842856
