results:
  endofexp_other_rating_neg: 0.2623859971047167
  endofexp_other_rating_pos: 0.38619829717732573
  endofexp_other_rating_zero: 0.3514157057179576
  endofexp_p_self_action_press: 0.48
  endofexp_self_rating_neg: 0.5306132703356943
  endofexp_self_rating_pos: 0.12068969527929142
  endofexp_self_rating_zero: 0.34869703438501426
