results:
  endofexp_other_rating_neg: 0.22831791993257658
  endofexp_other_rating_pos: 0.2643203725874676
  endofexp_other_rating_zero: 0.5073617074799558
  endofexp_p_self_action_press: 0.48
  endofexp_self_rating_neg: 0.9611307354595426
  endofexp_self_rating_pos: 0.000568332068055751
  endofexp_self_rating_zero: 0.03830093247240151
