results:
  endofexp_other_rating_neg: 0.3096684558424782
  endofexp_other_rating_pos: 0.4148763938115582
  endofexp_other_rating_zero: 0.27545515034596346
  endofexp_p_self_action_press: 0.44
  endofexp_self_rating_neg: 0.47519033702074065
  endofexp_self_rating_pos: 0.22258081292725046
  endofexp_self_rating_zero: 0.302228850052009
