results:
  endofexp_other_rating_neg: 0.265228262395701
  endofexp_other_rating_pos: 0.1661158407124573
  endofexp_other_rating_zero: 0.5686558968918417
  endofexp_p_self_action_press: 0.6
  endofexp_self_rating_neg: 0.00016638745918484972
  endofexp_self_rating_pos: 0.9678966692448155
  endofexp_self_rating_zero: 0.031936943295999595
