results:
  endofexp_other_rating_neg: 0.16576262003892334
  endofexp_other_rating_pos: 0.3191880132180519
  endofexp_other_rating_zero: 0.5150493667430248
  endofexp_p_self_action_press: 0.64
  endofexp_self_rating_neg: 0.00021430906794670296
  endofexp_self_rating_pos: 0.97557105548133
  endofexp_self_rating_zero: 0.02421463545072316
