results:
  endofexp_other_rating_neg: 0.09089164655473006
  endofexp_other_rating_pos: 0.4490377405080856
  endofexp_other_rating_zero: 0.46007061293718426
  endofexp_p_self_action_press: 0.64
  endofexp_self_rating_neg: 0.00034583228890691073
  endofexp_self_rating_pos: 0.9663620313473392
  endofexp_self_rating_zero: 0.033292136363754096
