results:
  endofexp_other_rating_neg: 0.3616106519495266
  endofexp_other_rating_pos: 0.2906564146305935
  endofexp_other_rating_zero: 0.34773293341988
  endofexp_p_self_action_press: 0.56
  endofexp_self_rating_neg: 0.24129789957072317
  endofexp_self_rating_pos: 0.35630834232107633
  endofexp_self_rating_zero: 0.40239375810820044
