results:
  endofexp_other_rating_neg: 0.27696943455668394
  endofexp_other_rating_pos: 0.23691936078236706
  endofexp_other_rating_zero: 0.4861112046609491
  endofexp_p_self_action_press: 0.32
  endofexp_self_rating_neg: 0.9743445050642335
  endofexp_self_rating_pos: 0.0003923213862159152
  endofexp_self_rating_zero: 0.02526317354955046
