results:
  endofexp_other_rating_neg: 0.0006789876655287191
  endofexp_other_rating_pos: 0.9606199234487692
  endofexp_other_rating_zero: 0.03870108888570198
  endofexp_p_self_action_press: 0.08
  endofexp_self_rating_neg: 0.31667687059236094
  endofexp_self_rating_pos: 0.24835403804856884
  endofexp_self_rating_zero: 0.4349690913590701
