results:
  endofexp_other_rating_neg: 0.7787495490600133
  endofexp_other_rating_pos: 0.02314664566472285
  endofexp_other_rating_zero: 0.19810380527526392
  endofexp_p_self_action_press: 0.88
  endofexp_self_rating_neg: 0.0035269858588967045
  endofexp_self_rating_pos: 0.76246857444591
  endofexp_self_rating_zero: 0.23400443969519333
