results:
  endofexp_other_rating_neg: 0.01434941182186127
  endofexp_other_rating_pos: 0.4949229125205756
  endofexp_other_rating_zero: 0.4907276756575632
  endofexp_p_self_action_press: 0.32
  endofexp_self_rating_neg: 0.9861677338751664
  endofexp_self_rating_pos: 0.00014974655974739467
  endofexp_self_rating_zero: 0.013682519565086142
