results:
  endofexp_other_rating_neg: 0.20709403003457075
  endofexp_other_rating_pos: 0.5259416286305919
  endofexp_other_rating_zero: 0.2669643413348374
  endofexp_p_self_action_press: 0.32
  endofexp_self_rating_neg: 0.9932793614959053
  endofexp_self_rating_pos: 6.972178497307331e-05
  endofexp_self_rating_zero: 0.006650916719121717
