results:
  endofexp_other_rating_neg: 0.17892489517796814
  endofexp_other_rating_pos: 0.31022207588588496
  endofexp_other_rating_zero: 0.5108530289361468
  endofexp_p_self_action_press: 0.36
  endofexp_self_rating_neg: 0.9773888090663402
  endofexp_self_rating_pos: 0.00014752679292849897
  endofexp_self_rating_zero: 0.022463664140731365
