results:
  endofexp_other_rating_neg: 0.09683187487380339
  endofexp_other_rating_pos: 0.45860119185506965
  endofexp_other_rating_zero: 0.4445669332711269
  endofexp_p_self_action_press: 0.48
  endofexp_self_rating_neg: 0.2083840391061903
  endofexp_self_rating_pos: 0.317694705776422
  endofexp_self_rating_zero: 0.4739212551173877
