results:
  endofexp_other_rating_neg: 0.9096772145592454
  endofexp_other_rating_pos: 0.0003233772153025457
  endofexp_other_rating_zero: 0.08999940822545188
  endofexp_p_self_action_press: 0.08
  endofexp_self_rating_neg: 0.20358611659191306
  endofexp_self_rating_pos: 0.1913411224539662
  endofexp_self_rating_zero: 0.6050727609541208
