results:
  endofexp_other_rating_neg: 0.36086826396107563
  endofexp_other_rating_pos: 0.28430898343199
  endofexp_other_rating_zero: 0.35482275260693436
  endofexp_p_self_action_press: 0.64
  endofexp_self_rating_neg: 9.645056248597031e-06
  endofexp_self_rating_pos: 0.9936932114980772
  endofexp_self_rating_zero: 0.006297143445674149
