results:
  endofexp_other_rating_neg: 0.8094739547032519
  endofexp_other_rating_pos: 0.008143788509135497
  endofexp_other_rating_zero: 0.18238225678761252
  endofexp_p_self_action_press: 0.08
  endofexp_self_rating_neg: 0.432480109600495
  endofexp_self_rating_pos: 0.04708862986369904
  endofexp_self_rating_zero: 0.520431260535806
