results:
  endofexp_other_rating_neg: 0.9462952709841651
  endofexp_other_rating_pos: 0.0006092215263490015
  endofexp_other_rating_zero: 0.05309550748948604
  endofexp_p_self_action_press: 0.04
  endofexp_self_rating_neg: 0.5760096653864459
  endofexp_self_rating_pos: 0.07219912151598763
  endofexp_self_rating_zero: 0.35179121309756645
