results:
  endofexp_other_rating_neg: 0.000258077301717129
  endofexp_other_rating_pos: 0.9662251088093016
  endofexp_other_rating_zero: 0.03351681388898145
  endofexp_p_self_action_press: 0.12
  endofexp_self_rating_neg: 0.4399094990294265
  endofexp_self_rating_pos: 0.12054428929720358
  endofexp_self_rating_zero: 0.4395462116733699
