results:
  endofexp_other_rating_neg: 0.8326496631977117
  endofexp_other_rating_pos: 0.002817199374044832
  endofexp_other_rating_zero: 0.16453313742824358
  endofexp_p_self_action_press: 0.12
  endofexp_self_rating_neg: 0.08975646579467636
  endofexp_self_rating_pos: 0.30281986247522313
  endofexp_self_rating_zero: 0.6074236717301005
