results:
  endofexp_other_rating_neg: 0.05157098163114612
  endofexp_other_rating_pos: 0.7049848905880253
  endofexp_other_rating_zero: 0.24344412778082863
  endofexp_p_self_action_press: 0.44
  endofexp_self_rating_neg: 0.391142760082643
  endofexp_self_rating_pos: 0.19982488331353443
  endofexp_self_rating_zero: 0.4090323566038226
