results:
  endofexp_other_rating_neg: 0.0011042900471897492
  endofexp_other_rating_pos: 0.9370154975788104
  endofexp_other_rating_zero: 0.06188021237399987
  endofexp_p_self_action_press: 0.08
  endofexp_self_rating_neg: 0.4880406314417356
  endofexp_self_rating_pos: 0.09457085066852232
  endofexp_self_rating_zero: 0.417388517889742
