results:
  endofexp_other_rating_neg: 0.2637904676541738
  endofexp_other_rating_pos: 0.38468572510678084
  endofexp_other_rating_zero: 0.3515238072390453
  endofexp_p_self_action_press: 0.48
  endofexp_self_rating_neg: 0.2878491324315932
  endofexp_self_rating_pos: 0.30964200373653916
  endofexp_self_rating_zero: 0.40250886383186757
