results:
  endofexp_other_rating_neg: 0.0004738565959544625
  endofexp_other_rating_pos: 0.9537603935255288
  endofexp_other_rating_zero: 0.04576574987851681
  endofexp_p_self_action_press: 0.08
  endofexp_self_rating_neg: 0.3528159218542988
  endofexp_self_rating_pos: 0.1890870100731151
  endofexp_self_rating_zero: 0.4580970680725861
