results:
  endofexp_other_rating_neg: 5.149592736235752e-05
  endofexp_other_rating_pos: 0.9944251022092401
  endofexp_other_rating_zero: 0.005523401863397483
  endofexp_p_self_action_press: 0.16
  endofexp_self_rating_neg: 0.15664137790841845
  endofexp_self_rating_pos: 0.06652261359240627
  endofexp_self_rating_zero: 0.7768360084991753
