results:
  endofexp_other_rating_neg: 0.18001381534354902
  endofexp_other_rating_pos: 0.4264507376657759
  endofexp_other_rating_zero: 0.39353544699067505
  endofexp_p_self_action_press: 0.48
  endofexp_self_rating_neg: 0.15450547554999036
  endofexp_self_rating_pos: 0.43757609962302096
  endofexp_self_rating_zero: 0.40791842482698865
