results:
  endofexp_other_rating_neg: 0.19575377976606934
  endofexp_other_rating_pos: 0.46801822576213487
  endofexp_other_rating_zero: 0.33622799447179574
  endofexp_p_self_action_press: 0.56
  endofexp_self_rating_neg: 0.19668640446001448
  endofexp_self_rating_pos: 0.4593609061116766
  endofexp_self_rating_zero: 0.34395268942830887
