results:
  endofexp_other_rating_neg: 0.00040805823973427257
  endofexp_other_rating_pos: 0.9565257710239249
  endofexp_other_rating_zero: 0.04306617073634084
  endofexp_p_self_action_press: 0.08
  endofexp_self_rating_neg: 0.3192919317581987
  endofexp_self_rating_pos: 0.216961762466641
  endofexp_self_rating_zero: 0.4637463057751603
