results:
  endofexp_other_rating_neg: 0.012039525585077444
  endofexp_other_rating_pos: 0.8271323207961133
  endofexp_other_rating_zero: 0.16082815361880934
  endofexp_p_self_action_press: 0.08
  endofexp_self_rating_neg: 0.1567576948268935
  endofexp_self_rating_pos: 0.27809709405188426
  endofexp_self_rating_zero: 0.5651452111212222
