results:
  endofexp_other_rating_neg: 0.07223983654270408
  endofexp_other_rating_pos: 0.4814912836095743
  endofexp_other_rating_zero: 0.44626887984772146
  endofexp_p_self_action_press: 0.64
  endofexp_self_rating_neg: 0.0003261189566877488
  endofexp_self_rating_pos: 0.9684477178351428
  endofexp_self_rating_zero: 0.031226163208169233
