results:
  endofexp_other_rating_neg: 0.007387735571925958
  endofexp_other_rating_pos: 0.9174400576041978
  endofexp_other_rating_zero: 0.0751722068238764
  endofexp_p_self_action_press: 0.08
  endofexp_self_rating_neg: 0.47652252837351455
  endofexp_self_rating_pos: 0.16705635123420057
  endofexp_self_rating_zero: 0.35642112039228496
