results:
  endofexp_other_rating_neg: 0.9576527985449306
  endofexp_other_rating_pos: 0.00025140176903503325
  endofexp_other_rating_zero: 0.04209579968603429
  endofexp_p_self_action_press: 0.76
  endofexp_self_rating_neg: 0.6623917897917817
  endofexp_self_rating_pos: 0.024093374429147673
  endofexp_self_rating_zero: 0.3135148357790706
