results:
  endofexp_other_rating_neg: 0.29022229342734923
  endofexp_other_rating_pos: 0.18907736261659439
  endofexp_other_rating_zero: 0.5207003439560562
  endofexp_p_self_action_press: 0.6
  endofexp_self_rating_neg: 0.00020652891767932837
  endofexp_self_rating_pos: 0.974876502977734
  endofexp_self_rating_zero: 0.024916968104586577
