results:
  endofexp_other_rating_neg: 0.8283415643656122
  endofexp_other_rating_pos: 0.003810514361128604
  endofexp_other_rating_zero: 0.16784792127325918
  endofexp_p_self_action_press: 0.08
  endofexp_self_rating_neg: 0.36332836022728615
  endofexp_self_rating_pos: 0.06872401414102726
  endofexp_self_rating_zero: 0.5679476256316867
