results:
  endofexp_other_rating_neg: 0.1407433032623054
  endofexp_other_rating_pos: 0.36096460399061586
  endofexp_other_rating_zero: 0.4982920927470788
  endofexp_p_self_action_press: 0.52
  endofexp_self_rating_neg: 0.00033461964389190174
  endofexp_self_rating_pos: 0.9703682041978856
  endofexp_self_rating_zero: 0.029297176158222464
