results:
  endofexp_other_rating_neg: 0.00039000056795785413
  endofexp_other_rating_pos: 0.9015807717285536
  endofexp_other_rating_zero: 0.09802922770348836
  endofexp_p_self_action_press: 0.08
  endofexp_self_rating_neg: 0.22517282292657945
  endofexp_self_rating_pos: 0.1591759937478091
  endofexp_self_rating_zero: 0.6156511833256115
