results:
  endofexp_other_rating_neg: 0.10725450785002733
  endofexp_other_rating_pos: 0.41565842302826667
  endofexp_other_rating_zero: 0.4770870691217059
  endofexp_p_self_action_press: 0.64
  endofexp_self_rating_neg: 0.0002500375161445878
  endofexp_self_rating_pos: 0.9713266692542829
  endofexp_self_rating_zero: 0.02842329322957263
