results:
  endofexp_other_rating_neg: 0.4050476400719001
  endofexp_other_rating_pos: 0.24835896521704576
  endofexp_other_rating_zero: 0.3465933947110542
  endofexp_p_self_action_press: 0.72
  endofexp_self_rating_neg: 0.21351872370388247
  endofexp_self_rating_pos: 0.4390894158237492
  endofexp_self_rating_zero: 0.34739186047236836
