results:
  endofexp_other_rating_neg: 0.00035496834631444895
  endofexp_other_rating_pos: 0.9215175390801902
  endofexp_other_rating_zero: 0.07812749257349544
  endofexp_p_self_action_press: 0.08
  endofexp_self_rating_neg: 0.3108293010024198
  endofexp_self_rating_pos: 0.13780050064420712
  endofexp_self_rating_zero: 0.5513701983533731
