results:
  endofexp_other_rating_neg: 0.02221667150946628
  endofexp_other_rating_pos: 0.39025040101439956
  endofexp_other_rating_zero: 0.5875329274761342
  endofexp_p_self_action_press: 0.4
  endofexp_self_rating_neg: 0.99367174964978
  endofexp_self_rating_pos: 7.769806888083848e-05
  endofexp_self_rating_zero: 0.006250552281339149
