results:
  endofexp_other_rating_neg: 0.29809914316730657
  endofexp_other_rating_pos: 0.40494158786592915
  endofexp_other_rating_zero: 0.2969592689667642
  endofexp_p_self_action_press: 0.32
  endofexp_self_rating_neg: 0.9928512244689527
  endofexp_self_rating_pos: 5.679634648808757e-05
  endofexp_self_rating_zero: 0.007091979184559202
