results:
  endofexp_other_rating_neg: 0.008948778665279905
  endofexp_other_rating_pos: 0.9187414449908375
  endofexp_other_rating_zero: 0.07230977634388257
  endofexp_p_self_action_press: 0.08
  endofexp_self_rating_neg: 0.010121513493840342
  endofexp_self_rating_pos: 0.8128465555027335
  endofexp_self_rating_zero: 0.17703193100342618
