results:
  endofexp_other_rating_neg: 0.1614932750668011
  endofexp_other_rating_pos: 0.22404945946007443
  endofexp_other_rating_zero: 0.6144572654731245
  endofexp_p_self_action_press: 0.28
  endofexp_self_rating_neg: 0.9602287094323274
  endofexp_self_rating_pos: 0.00018511488199736536
  endofexp_self_rating_zero: 0.03958617568567528
