results:
  endofexp_other_rating_neg: 0.286665417936889
  endofexp_other_rating_pos: 0.13158560257853927
  endofexp_other_rating_zero: 0.5817489794845717
  endofexp_p_self_action_press: 0.36
  endofexp_self_rating_neg: 0.965331340361484
  endofexp_self_rating_pos: 0.0001778142266299614
  endofexp_self_rating_zero: 0.03449084541188613
