results:
  endofexp_other_rating_neg: 0.24090123101271615
  endofexp_other_rating_pos: 0.23707469591602182
  endofexp_other_rating_zero: 0.5220240730712621
  endofexp_p_self_action_press: 0.6
  endofexp_self_rating_neg: 0.00020894474191595637
  endofexp_self_rating_pos: 0.9737690968589889
  endofexp_self_rating_zero: 0.02602195839909533
