results:
  endofexp_other_rating_neg: 0.8380248691182329
  endofexp_other_rating_pos: 0.002307330597461257
  endofexp_other_rating_zero: 0.1596678002843059
  endofexp_p_self_action_press: 0.08
  endofexp_self_rating_neg: 0.24919821712072798
  endofexp_self_rating_pos: 0.08120045853368994
  endofexp_self_rating_zero: 0.6696013243455821
