results:
  endofexp_other_rating_neg: 0.1816224656554105
  endofexp_other_rating_pos: 0.4783491405875671
  endofexp_other_rating_zero: 0.34002839375702226
  endofexp_p_self_action_press: 0.56
  endofexp_self_rating_neg: 0.32275346726807214
  endofexp_self_rating_pos: 0.33031603845937546
  endofexp_self_rating_zero: 0.3469304942725524
