results:
  endofexp_other_rating_neg: 0.953586994463343
  endofexp_other_rating_pos: 0.0004724518282513156
  endofexp_other_rating_zero: 0.04594055370840552
  endofexp_p_self_action_press: 0.08
  endofexp_self_rating_neg: 0.15446798670027095
  endofexp_self_rating_pos: 0.39402686907164536
  endofexp_self_rating_zero: 0.45150514422808374
