results:
  endofexp_other_rating_neg: 0.36652738786706013
  endofexp_other_rating_pos: 0.3063795307124665
  endofexp_other_rating_zero: 0.3270930814204734
  endofexp_p_self_action_press: 0.28
  endofexp_self_rating_neg: 0.9929968076783087
  endofexp_self_rating_pos: 3.082685853073288e-05
  endofexp_self_rating_zero: 0.006972365463160517
