results:
  endofexp_other_rating_neg: 0.34396438572873633
  endofexp_other_rating_pos: 0.30420246173067095
  endofexp_other_rating_zero: 0.3518331525405928
  endofexp_p_self_action_press: 0.48
  endofexp_self_rating_neg: 0.358678151956377
  endofexp_self_rating_pos: 0.27077351638829095
  endofexp_self_rating_zero: 0.37054833165533196
