results:
  endofexp_other_rating_neg: 0.29935309881366917
  endofexp_other_rating_pos: 0.35730111176658297
  endofexp_other_rating_zero: 0.3433457894197477
  endofexp_p_self_action_press: 0.48
  endofexp_self_rating_neg: 0.2190322397768011
  endofexp_self_rating_pos: 0.41965359986338313
  endofexp_self_rating_zero: 0.36131416035981584
