results:
  endofexp_other_rating_neg: 0.0004380328010259447
  endofexp_other_rating_pos: 0.9541716227840562
  endofexp_other_rating_zero: 0.04539034441491794
  endofexp_p_self_action_press: 0.08
  endofexp_self_rating_neg: 0.2117585782664236
  endofexp_self_rating_pos: 0.3256524070528301
  endofexp_self_rating_zero: 0.4625890146807464
