results:
  endofexp_other_rating_neg: 0.3530892238770796
  endofexp_other_rating_pos: 0.1687556938346926
  endofexp_other_rating_zero: 0.47815508228822784
  endofexp_p_self_action_press: 0.32
  endofexp_self_rating_neg: 0.9708051643114796
  endofexp_self_rating_pos: 0.0004417493939500328
  endofexp_self_rating_zero: 0.028753086294570546
