results:
  endofexp_other_rating_neg: 0.0002777649059618723
  endofexp_other_rating_pos: 0.9592541066097087
  endofexp_other_rating_zero: 0.04046812848432952
  endofexp_p_self_action_press: 0.08
  endofexp_self_rating_neg: 0.17455713383220214
  endofexp_self_rating_pos: 0.3631791794488082
  endofexp_self_rating_zero: 0.4622636867189897
