results:
  endofexp_other_rating_neg: 0.28144022936408336
  endofexp_other_rating_pos: 0.36674401482540314
  endofexp_other_rating_zero: 0.3518157558105134
  endofexp_p_self_action_press: 0.52
  endofexp_self_rating_neg: 0.3078356544698577
  endofexp_self_rating_pos: 0.30417134884173747
  endofexp_self_rating_zero: 0.38799299668840476
