results:
  endofexp_other_rating_neg: 0.2958519897191955
  endofexp_other_rating_pos: 0.3720972974054686
  endofexp_other_rating_zero: 0.33205071287533583
  endofexp_p_self_action_press: 0.48
  endofexp_self_rating_neg: 0.17422982522458694
  endofexp_self_rating_pos: 0.5020043687360906
  endofexp_self_rating_zero: 0.32376580603932253
