results:
  endofexp_other_rating_neg: 0.9952063142052017
  endofexp_other_rating_pos: 4.876784584917714e-05
  endofexp_other_rating_zero: 0.004744917948949249
  endofexp_p_self_action_press: 0.16
  endofexp_self_rating_neg: 0.2730422604734287
  endofexp_self_rating_pos: 0.03601241048577919
  endofexp_self_rating_zero: 0.6909453290407921
