results:
  endofexp_other_rating_neg: 0.00037946659113680646
  endofexp_other_rating_pos: 0.9581095334868732
  endofexp_other_rating_zero: 0.041510999921989866
  endofexp_p_self_action_press: 0.08
  endofexp_self_rating_neg: 0.23903157010475498
  endofexp_self_rating_pos: 0.2849000031900538
  endofexp_self_rating_zero: 0.4760684267051913
