results:
  endofexp_other_rating_neg: 0.013788395230288622
  endofexp_other_rating_pos: 0.819186959647003
  endofexp_other_rating_zero: 0.1670246451227083
  endofexp_p_self_action_press: 0.12
  endofexp_self_rating_neg: 0.2813514129898519
  endofexp_self_rating_pos: 0.1663917454864248
  endofexp_self_rating_zero: 0.5522568415237232
