results:
  endofexp_other_rating_neg: 0.4588509986467672
  endofexp_other_rating_pos: 0.1005618829491345
  endofexp_other_rating_zero: 0.44058711840409837
  endofexp_p_self_action_press: 0.32
  endofexp_self_rating_neg: 0.9735638845748495
  endofexp_self_rating_pos: 0.00037682121731455026
  endofexp_self_rating_zero: 0.026059294207835704
