results:
  endofexp_other_rating_neg: 0.12693015777018146
  endofexp_other_rating_pos: 0.377988123200236
  endofexp_other_rating_zero: 0.4950817190295825
  endofexp_p_self_action_press: 0.36
  endofexp_self_rating_neg: 0.9733188245644762
  endofexp_self_rating_pos: 0.0002096998363791599
  endofexp_self_rating_zero: 0.02647147559914471
