results:
  endofexp_other_rating_neg: 0.0073154053152814525
  endofexp_other_rating_pos: 0.9314628344315241
  endofexp_other_rating_zero: 0.061221760253194396
  endofexp_p_self_action_press: 0.08
  endofexp_self_rating_neg: 0.06005798327996043
  endofexp_self_rating_pos: 0.6639687649499479
  endofexp_self_rating_zero: 0.2759732517700917
