results:
  endofexp_other_rating_neg: 0.000404605397301544
  endofexp_other_rating_pos: 0.9640745994634009
  endofexp_other_rating_zero: 0.03552079513929745
  endofexp_p_self_action_press: 0.08
  endofexp_self_rating_neg: 0.599763093201325
  endofexp_self_rating_pos: 0.07586776075525356
  endofexp_self_rating_zero: 0.32436914604342143
