results:
  endofexp_other_rating_neg: 0.26640527911209577
  endofexp_other_rating_pos: 0.3463141977556815
  endofexp_other_rating_zero: 0.3872805231322227
  endofexp_p_self_action_press: 0.8
  endofexp_self_rating_neg: 0.022100895756619145
  endofexp_self_rating_pos: 0.770465012007039
  endofexp_self_rating_zero: 0.2074340922363419
