results:
  endofexp_other_rating_neg: 0.35164824421896407
  endofexp_other_rating_pos: 0.12823268734242418
  endofexp_other_rating_zero: 0.5201190684386118
  endofexp_p_self_action_press: 0.6
  endofexp_self_rating_neg: 0.0002746807813540372
  endofexp_self_rating_pos: 0.9653238350218187
  endofexp_self_rating_zero: 0.034401484196827224
