results:
  endofexp_other_rating_neg: 0.22759498149467297
  endofexp_other_rating_pos: 0.25704114216555
  endofexp_other_rating_zero: 0.515363876339777
  endofexp_p_self_action_press: 0.28
  endofexp_self_rating_neg: 0.9710011277238298
  endofexp_self_rating_pos: 0.00029733412423888845
  endofexp_self_rating_zero: 0.028701538151931074
