results:
  endofexp_other_rating_neg: 0.5655656244060692
  endofexp_other_rating_pos: 0.014054291543211358
  endofexp_other_rating_zero: 0.4203800840507195
  endofexp_p_self_action_press: 0.32
  endofexp_self_rating_neg: 0.9372144660915885
  endofexp_self_rating_pos: 0.0003613642134045575
  endofexp_self_rating_zero: 0.06242416969500701
