results:
  endofexp_other_rating_neg: 0.16220694242971576
  endofexp_other_rating_pos: 0.32542812179758124
  endofexp_other_rating_zero: 0.512364935772703
  endofexp_p_self_action_press: 0.64
  endofexp_self_rating_neg: 0.00021984655068841826
  endofexp_self_rating_pos: 0.9748838704192917
  endofexp_self_rating_zero: 0.024896283030019783
