results:
  endofexp_other_rating_neg: 0.011568434610083236
  endofexp_other_rating_pos: 0.8254932699706289
  endofexp_other_rating_zero: 0.16293829541928775
  endofexp_p_self_action_press: 0.08
  endofexp_self_rating_neg: 0.15989644274589385
  endofexp_self_rating_pos: 0.28798619080252386
  endofexp_self_rating_zero: 0.5521173664515823
