results:
  endofexp_other_rating_neg: 0.21590883245121692
  endofexp_other_rating_pos: 0.27234142822682694
  endofexp_other_rating_zero: 0.5117497393219561
  endofexp_p_self_action_press: 0.28
  endofexp_self_rating_neg: 0.9696390262919593
  endofexp_self_rating_pos: 0.00027453099074444405
  endofexp_self_rating_zero: 0.030086442717296248
