results:
  endofexp_other_rating_neg: 0.38834866137211466
  endofexp_other_rating_pos: 0.12838815040104462
  endofexp_other_rating_zero: 0.48326318822684067
  endofexp_p_self_action_press: 0.28
  endofexp_self_rating_neg: 0.9630387535962103
  endofexp_self_rating_pos: 0.0005514261480712532
  endofexp_self_rating_zero: 0.03640982025571854
