results:
  endofexp_other_rating_neg: 0.018129600788660438
  endofexp_other_rating_pos: 0.7986045642799469
  endofexp_other_rating_zero: 0.18326583493139265
  endofexp_p_self_action_press: 0.08
  endofexp_self_rating_neg: 0.5087812029639017
  endofexp_self_rating_pos: 0.04641544681854731
  endofexp_self_rating_zero: 0.4448033502175509
