results:
  endofexp_other_rating_neg: 0.2519847883398824
  endofexp_other_rating_pos: 0.3507304339689431
  endofexp_other_rating_zero: 0.3972847776911745
  endofexp_p_self_action_press: 0.48
  endofexp_self_rating_neg: 0.07020077307675913
  endofexp_self_rating_pos: 0.668530501997362
  endofexp_self_rating_zero: 0.2612687249258788
