results:
  endofexp_other_rating_neg: 0.02958636949393508
  endofexp_other_rating_pos: 0.6223643548149791
  endofexp_other_rating_zero: 0.3480492756910858
  endofexp_p_self_action_press: 0.32
  endofexp_self_rating_neg: 0.9604841662223614
  endofexp_self_rating_pos: 0.0004877209600698019
  endofexp_self_rating_zero: 0.03902811281756884
