results:
  endofexp_other_rating_neg: 0.38227325124336486
  endofexp_other_rating_pos: 0.11379955838347718
  endofexp_other_rating_zero: 0.503927190373158
  endofexp_p_self_action_press: 0.64
  endofexp_self_rating_neg: 0.0003123649110407798
  endofexp_self_rating_pos: 0.9667984400630594
  endofexp_self_rating_zero: 0.03288919502589995
