results:
  endofexp_other_rating_neg: 0.0004046210164287738
  endofexp_other_rating_pos: 0.9550366749167117
  endofexp_other_rating_zero: 0.04455870406685955
  endofexp_p_self_action_press: 0.08
  endofexp_self_rating_neg: 0.36490788767194116
  endofexp_self_rating_pos: 0.18019656253882904
  endofexp_self_rating_zero: 0.4548955497892298
