results:
  endofexp_other_rating_neg: 0.36877514622035185
  endofexp_other_rating_pos: 0.1343343396660118
  endofexp_other_rating_zero: 0.4968905141136363
  endofexp_p_self_action_press: 0.64
  endofexp_self_rating_neg: 0.0002535030294320655
  endofexp_self_rating_pos: 0.972107360279735
  endofexp_self_rating_zero: 0.027639136690832945
