results:
  endofexp_other_rating_neg: 0.15206160789395903
  endofexp_other_rating_pos: 0.2421159371543519
  endofexp_other_rating_zero: 0.6058224549516891
  endofexp_p_self_action_press: 0.36
  endofexp_self_rating_neg: 0.9636753603090975
  endofexp_self_rating_pos: 0.00016637923605153563
  endofexp_self_rating_zero: 0.03615826045485082
