results:
  endofexp_other_rating_neg: 0.00036999858695913415
  endofexp_other_rating_pos: 0.9564061600977869
  endofexp_other_rating_zero: 0.04322384131525404
  endofexp_p_self_action_press: 0.08
  endofexp_self_rating_neg: 0.4014096194027503
  endofexp_self_rating_pos: 0.14836659635406788
  endofexp_self_rating_zero: 0.4502237842431818
