results:
  endofexp_other_rating_neg: 0.32303449000448947
  endofexp_other_rating_pos: 0.3194813941024236
  endofexp_other_rating_zero: 0.3574841158930869
  endofexp_p_self_action_press: 0.44
  endofexp_self_rating_neg: 0.22681842464656587
  endofexp_self_rating_pos: 0.3943971440379511
  endofexp_self_rating_zero: 0.37878443131548306
