results:
  endofexp_other_rating_neg: 0.25191942363943937
  endofexp_other_rating_pos: 0.2329252774056716
  endofexp_other_rating_zero: 0.515155298954889
  endofexp_p_self_action_press: 0.32
  endofexp_self_rating_neg: 0.9709028066604162
  endofexp_self_rating_pos: 0.0003192790483269528
  endofexp_self_rating_zero: 0.028777914291256843
