results:
  endofexp_other_rating_neg: 0.021196259146887594
  endofexp_other_rating_pos: 0.6531351271230729
  endofexp_other_rating_zero: 0.3256686137300396
  endofexp_p_self_action_press: 0.6
  endofexp_self_rating_neg: 0.0008796777809414432
  endofexp_self_rating_pos: 0.9489927943639492
  endofexp_self_rating_zero: 0.050127527855109204
