results:
  endofexp_other_rating_neg: 0.8314192928076302
  endofexp_other_rating_pos: 0.004315083998824294
  endofexp_other_rating_zero: 0.16426562319354548
  endofexp_p_self_action_press: 0.12
  endofexp_self_rating_neg: 0.15779813352102962
  endofexp_self_rating_pos: 0.220989781255351
  endofexp_self_rating_zero: 0.6212120852236194
