results:
  endofexp_other_rating_neg: 0.09700441843933608
  endofexp_other_rating_pos: 0.42928237619746973
  endofexp_other_rating_zero: 0.47371320536319406
  endofexp_p_self_action_press: 0.36
  endofexp_self_rating_neg: 0.9721687491432401
  endofexp_self_rating_pos: 0.0002948808223008263
  endofexp_self_rating_zero: 0.027536370034459114
