results:
  endofexp_other_rating_neg: 0.964999145220715
  endofexp_other_rating_pos: 0.00023922674350163815
  endofexp_other_rating_zero: 0.03476162803578326
  endofexp_p_self_action_press: 0.08
  endofexp_self_rating_neg: 0.31234226668993537
  endofexp_self_rating_pos: 0.21181849355255922
  endofexp_self_rating_zero: 0.47583923975750547
