results:
  endofexp_other_rating_neg: 0.1781830174682848
  endofexp_other_rating_pos: 0.2763483190117665
  endofexp_other_rating_zero: 0.5454686635199488
  endofexp_p_self_action_press: 0.56
  endofexp_self_rating_neg: 0.0001878485779862807
  endofexp_self_rating_pos: 0.9704094187790415
  endofexp_self_rating_zero: 0.029402732642972048
