results:
  endofexp_other_rating_neg: 0.9152453611313095
  endofexp_other_rating_pos: 0.0004107945606714712
  endofexp_other_rating_zero: 0.08434384430801914
  endofexp_p_self_action_press: 0.08
  endofexp_self_rating_neg: 0.27411315820087967
  endofexp_self_rating_pos: 0.15028266641227592
  endofexp_self_rating_zero: 0.5756041753868445
