results:
  endofexp_other_rating_neg: 0.2357333567671129
  endofexp_other_rating_pos: 0.2727017576691945
  endofexp_other_rating_zero: 0.4915648855636927
  endofexp_p_self_action_press: 0.32
  endofexp_self_rating_neg: 0.9803405000189781
  endofexp_self_rating_pos: 0.0001883206738364551
  endofexp_self_rating_zero: 0.019471179307185428
