results:
  endofexp_other_rating_neg: 0.3950485063012427
  endofexp_other_rating_pos: 0.2597585602970761
  endofexp_other_rating_zero: 0.3451929334016811
  endofexp_p_self_action_press: 0.32
  endofexp_self_rating_neg: 0.3841075106440516
  endofexp_self_rating_pos: 0.14672720187148727
  endofexp_self_rating_zero: 0.46916528748446124
