results:
  endofexp_other_rating_neg: 0.29419327620529584
  endofexp_other_rating_pos: 0.35591241487555053
  endofexp_other_rating_zero: 0.34989430891915363
  endofexp_p_self_action_press: 0.64
  endofexp_self_rating_neg: 0.1322110854257074
  endofexp_self_rating_pos: 0.5480177333064906
  endofexp_self_rating_zero: 0.3197711812678019
