results:
  endofexp_other_rating_neg: 0.058374117353855365
  endofexp_other_rating_pos: 0.6774512714506535
  endofexp_other_rating_zero: 0.264174611195491
  endofexp_p_self_action_press: 0.04
  endofexp_self_rating_neg: 0.41335886605707345
  endofexp_self_rating_pos: 0.2299403528988463
  endofexp_self_rating_zero: 0.3567007810440802
