results:
  endofexp_other_rating_neg: 0.35800641096352953
  endofexp_other_rating_pos: 0.2879529801485901
  endofexp_other_rating_zero: 0.35404060888788036
  endofexp_p_self_action_press: 0.64
  endofexp_self_rating_neg: 7.582601106367285e-06
  endofexp_self_rating_pos: 0.994199060482149
  endofexp_self_rating_zero: 0.00579335691674478
