results:
  endofexp_other_rating_neg: 0.21498005508166854
  endofexp_other_rating_pos: 0.2751821920813485
  endofexp_other_rating_zero: 0.509837752836983
  endofexp_p_self_action_press: 0.36
  endofexp_self_rating_neg: 0.9684871699546792
  endofexp_self_rating_pos: 0.00037138322401782196
  endofexp_self_rating_zero: 0.031141446821302942
