results:
  endofexp_other_rating_neg: 0.00037746304522514847
  endofexp_other_rating_pos: 0.9579278858173702
  endofexp_other_rating_zero: 0.04169465113740469
  endofexp_p_self_action_press: 0.08
  endofexp_self_rating_neg: 0.2863353927081342
  endofexp_self_rating_pos: 0.23835781680891194
  endofexp_self_rating_zero: 0.4753067904829539
