results:
  endofexp_other_rating_neg: 0.005880183952299183
  endofexp_other_rating_pos: 0.9318285787304561
  endofexp_other_rating_zero: 0.06229123731724482
  endofexp_p_self_action_press: 0.08
  endofexp_self_rating_neg: 0.13202606548269857
  endofexp_self_rating_pos: 0.5251285810802927
  endofexp_self_rating_zero: 0.3428453534370088
