results:
  endofexp_other_rating_neg: 0.68584504939856
  endofexp_other_rating_pos: 0.0521850101677101
  endofexp_other_rating_zero: 0.26196994043373
  endofexp_p_self_action_press: 0.96
  endofexp_self_rating_neg: 0.20929752267643453
  endofexp_self_rating_pos: 0.43366788576101556
  endofexp_self_rating_zero: 0.35703459156254985
