results:
  endofexp_other_rating_neg: 0.8314505993992851
  endofexp_other_rating_pos: 0.001691385779188294
  endofexp_other_rating_zero: 0.1668580148215265
  endofexp_p_self_action_press: 0.88
  endofexp_self_rating_neg: 0.014154551856697069
  endofexp_self_rating_pos: 0.42643857587354633
  endofexp_self_rating_zero: 0.5594068722697566
