results:
  endofexp_other_rating_neg: 0.7826964986505339
  endofexp_other_rating_pos: 0.02170626753464498
  endofexp_other_rating_zero: 0.1955972338148211
  endofexp_p_self_action_press: 0.12
  endofexp_self_rating_neg: 0.0038425465380134746
  endofexp_self_rating_pos: 0.7798898375187454
  endofexp_self_rating_zero: 0.21626761594324112
