results:
  endofexp_other_rating_neg: 0.3267229042507577
  endofexp_other_rating_pos: 0.18166250697701447
  endofexp_other_rating_zero: 0.49161458877222786
  endofexp_p_self_action_press: 0.32
  endofexp_self_rating_neg: 0.9754664751266915
  endofexp_self_rating_pos: 0.00027940799045241015
  endofexp_self_rating_zero: 0.024254116882856187
