results:
  endofexp_other_rating_neg: 0.009170966959846753
  endofexp_other_rating_pos: 0.5914340737571401
  endofexp_other_rating_zero: 0.39939495928301305
  endofexp_p_self_action_press: 0.48
  endofexp_self_rating_neg: 0.9877411533002316
  endofexp_self_rating_pos: 0.00012787295012347847
  endofexp_self_rating_zero: 0.01213097374964483
