results:
  endofexp_other_rating_neg: 0.0975157215870077
  endofexp_other_rating_pos: 0.3203189886257475
  endofexp_other_rating_zero: 0.5821652897872448
  endofexp_p_self_action_press: 0.28
  endofexp_self_rating_neg: 0.9540097942927513
  endofexp_self_rating_pos: 0.00017372597118253476
  endofexp_self_rating_zero: 0.045816479736066035
