results:
  endofexp_other_rating_neg: 0.27025581347286187
  endofexp_other_rating_pos: 0.35040636072094544
  endofexp_other_rating_zero: 0.3793378258061927
  endofexp_p_self_action_press: 0.52
  endofexp_self_rating_neg: 0.3211171809172741
  endofexp_self_rating_pos: 0.33253575464951657
  endofexp_self_rating_zero: 0.3463470644332094
