results:
  endofexp_other_rating_neg: 0.30838934650318034
  endofexp_other_rating_pos: 0.3089664085955657
  endofexp_other_rating_zero: 0.382644244901254
  endofexp_p_self_action_press: 0.28
  endofexp_self_rating_neg: 0.5411470073877228
  endofexp_self_rating_pos: 0.14515513758890877
  endofexp_self_rating_zero: 0.31369785502336833
