results:
  endofexp_other_rating_neg: 0.3967509179839485
  endofexp_other_rating_pos: 0.3979896347028227
  endofexp_other_rating_zero: 0.2052594473132287
  endofexp_p_self_action_press: 0.44
  endofexp_self_rating_neg: 0.4278963322551337
  endofexp_self_rating_pos: 0.35387870654161224
  endofexp_self_rating_zero: 0.21822496120325402
