results:
  endofexp_other_rating_neg: 0.1059329219576843
  endofexp_other_rating_pos: 0.12371339277656519
  endofexp_other_rating_zero: 0.7703536852657504
  endofexp_p_self_action_press: 0.56
  endofexp_self_rating_neg: 7.451565441665505e-05
  endofexp_self_rating_pos: 0.9924242880188815
  endofexp_self_rating_zero: 0.007501196326701722
