results:
  endofexp_other_rating_neg: 0.3005694027061596
  endofexp_other_rating_pos: 0.18279881664904077
  endofexp_other_rating_zero: 0.5166317806447996
  endofexp_p_self_action_press: 0.6
  endofexp_self_rating_neg: 0.000193299250480328
  endofexp_self_rating_pos: 0.9754605781168354
  endofexp_self_rating_zero: 0.024346122632684278
