results:
  endofexp_other_rating_neg: 0.9493680659665761
  endofexp_other_rating_pos: 0.00040391561942158816
  endofexp_other_rating_zero: 0.05022801841400235
  endofexp_p_self_action_press: 0.08
  endofexp_self_rating_neg: 0.2228950241116309
  endofexp_self_rating_pos: 0.3126334052391772
  endofexp_self_rating_zero: 0.46447157064919176
