results:
  endofexp_other_rating_neg: 0.9535021139346862
  endofexp_other_rating_pos: 0.00030966000302069303
  endofexp_other_rating_zero: 0.04618822606229313
  endofexp_p_self_action_press: 0.88
  endofexp_self_rating_neg: 0.05281419391207874
  endofexp_self_rating_pos: 0.5744924758016696
  endofexp_self_rating_zero: 0.3726933302862517
