results:
  endofexp_other_rating_neg: 9.725582852022145e-05
  endofexp_other_rating_pos: 0.9617658051228395
  endofexp_other_rating_zero: 0.03813693904864032
  endofexp_p_self_action_press: 0.88
  endofexp_self_rating_neg: 0.09467644012054965
  endofexp_self_rating_pos: 0.4092491663463244
  endofexp_self_rating_zero: 0.49607439353312593
