results:
  endofexp_other_rating_neg: 0.1783074415290974
  endofexp_other_rating_pos: 0.31626746464442235
  endofexp_other_rating_zero: 0.5054250938264803
  endofexp_p_self_action_press: 0.28
  endofexp_self_rating_neg: 0.9695644903679821
  endofexp_self_rating_pos: 0.00034910019029060297
  endofexp_self_rating_zero: 0.03008640944172736
