results:
  endofexp_other_rating_neg: 0.3230709495031359
  endofexp_other_rating_pos: 0.31329682793228636
  endofexp_other_rating_zero: 0.3636322225645777
  endofexp_p_self_action_press: 0.48
  endofexp_self_rating_neg: 0.36516521567452065
  endofexp_self_rating_pos: 0.2765276137385083
  endofexp_self_rating_zero: 0.358307170586971
