results:
  endofexp_other_rating_neg: 0.025528832760518205
  endofexp_other_rating_pos: 0.632239702190227
  endofexp_other_rating_zero: 0.3422314650492547
  endofexp_p_self_action_press: 0.32
  endofexp_self_rating_neg: 0.964674179390099
  endofexp_self_rating_pos: 0.00040981620184096584
  endofexp_self_rating_zero: 0.03491600440806
