results:
  endofexp_other_rating_neg: 0.2362881542061113
  endofexp_other_rating_pos: 0.24202929430002887
  endofexp_other_rating_zero: 0.5216825514938598
  endofexp_p_self_action_press: 0.36
  endofexp_self_rating_neg: 0.9746483406164812
  endofexp_self_rating_pos: 0.0002186810245848763
  endofexp_self_rating_zero: 0.025132978358933755
