results:
  endofexp_other_rating_neg: 0.352541698546577
  endofexp_other_rating_pos: 0.29869729452027005
  endofexp_other_rating_zero: 0.34876100693315293
  endofexp_p_self_action_press: 0.48
  endofexp_self_rating_neg: 0.369188075001397
  endofexp_self_rating_pos: 0.2598248012362938
  endofexp_self_rating_zero: 0.37098712376230913
