results:
  endofexp_other_rating_neg: 0.3519558059614476
  endofexp_other_rating_pos: 0.3180948304759269
  endofexp_other_rating_zero: 0.32994936356262544
  endofexp_p_self_action_press: 0.56
  endofexp_self_rating_neg: 0.3889326482177414
  endofexp_self_rating_pos: 0.2678533650721915
  endofexp_self_rating_zero: 0.34321398671006714
