results:
  endofexp_other_rating_neg: 0.19317899057401436
  endofexp_other_rating_pos: 0.2861207518208299
  endofexp_other_rating_zero: 0.5207002576051558
  endofexp_p_self_action_press: 0.64
  endofexp_self_rating_neg: 0.00018592862409406278
  endofexp_self_rating_pos: 0.9766073873207854
  endofexp_self_rating_zero: 0.023206684055120504
