results:
  endofexp_other_rating_neg: 0.25426529043492446
  endofexp_other_rating_pos: 0.25415796039483446
  endofexp_other_rating_zero: 0.4915767491702411
  endofexp_p_self_action_press: 0.44
  endofexp_self_rating_neg: 0.12198026900039685
  endofexp_self_rating_pos: 0.449819402395097
  endofexp_self_rating_zero: 0.42820032860450613
