results:
  endofexp_other_rating_neg: 0.22042539810319628
  endofexp_other_rating_pos: 0.16567981853447855
  endofexp_other_rating_zero: 0.6138947833623252
  endofexp_p_self_action_press: 0.4
  endofexp_self_rating_neg: 0.9691774447454368
  endofexp_self_rating_pos: 0.00010551039891253079
  endofexp_self_rating_zero: 0.030717044855650705
