results:
  endofexp_other_rating_neg: 0.3409681130244024
  endofexp_other_rating_pos: 0.17300438052771647
  endofexp_other_rating_zero: 0.48602750644788123
  endofexp_p_self_action_press: 0.32
  endofexp_self_rating_neg: 0.9791848174914731
  endofexp_self_rating_pos: 0.00028614977894706085
  endofexp_self_rating_zero: 0.02052903272957991
