results:
  endofexp_other_rating_neg: 0.0981303044035609
  endofexp_other_rating_pos: 0.42609219803049403
  endofexp_other_rating_zero: 0.47577749756594523
  endofexp_p_self_action_press: 0.32
  endofexp_self_rating_neg: 0.9754333593537202
  endofexp_self_rating_pos: 0.00020092292162000703
  endofexp_self_rating_zero: 0.024365717724659626
