results:
  endofexp_other_rating_neg: 0.23980972876331755
  endofexp_other_rating_pos: 0.43556435425515916
  endofexp_other_rating_zero: 0.3246259169815233
  endofexp_p_self_action_press: 0.52
  endofexp_self_rating_neg: 0.39068751571353166
  endofexp_self_rating_pos: 0.26236083576689295
  endofexp_self_rating_zero: 0.3469516485195754
