results:
  endofexp_other_rating_neg: 0.842936010055939
  endofexp_other_rating_pos: 0.0027054075056849106
  endofexp_other_rating_zero: 0.154358582438376
  endofexp_p_self_action_press: 0.12
  endofexp_self_rating_neg: 0.196932004643036
  endofexp_self_rating_pos: 0.12992595947603852
  endofexp_self_rating_zero: 0.6731420358809255
