results:
  endofexp_other_rating_neg: 0.956507567715345
  endofexp_other_rating_pos: 0.0002522270294809162
  endofexp_other_rating_zero: 0.04324020525517416
  endofexp_p_self_action_press: 0.08
  endofexp_self_rating_neg: 0.35321931512642674
  endofexp_self_rating_pos: 0.186855959957178
  endofexp_self_rating_zero: 0.4599247249163952
