results:
  endofexp_other_rating_neg: 0.00024066476113269937
  endofexp_other_rating_pos: 0.9598325311334366
  endofexp_other_rating_zero: 0.039926804105430695
  endofexp_p_self_action_press: 0.08
  endofexp_self_rating_neg: 0.37634558897283826
  endofexp_self_rating_pos: 0.1640330323699558
  endofexp_self_rating_zero: 0.4596213786572058
