results:
  endofexp_other_rating_neg: 0.0003989617085629499
  endofexp_other_rating_pos: 0.9534967345347946
  endofexp_other_rating_zero: 0.046104303756642484
  endofexp_p_self_action_press: 0.08
  endofexp_self_rating_neg: 0.23979542274816346
  endofexp_self_rating_pos: 0.2984605797418299
  endofexp_self_rating_zero: 0.4617439975100067
