results:
  endofexp_other_rating_neg: 0.2338480843277064
  endofexp_other_rating_pos: 0.42074647728834386
  endofexp_other_rating_zero: 0.3454054383839499
  endofexp_p_self_action_press: 0.44
  endofexp_self_rating_neg: 0.3906115990071851
  endofexp_self_rating_pos: 0.18886913385748424
  endofexp_self_rating_zero: 0.42051926713533067
