results:
  endofexp_other_rating_neg: 0.061141432827045546
  endofexp_other_rating_pos: 0.5151024956782626
  endofexp_other_rating_zero: 0.42375607149469185
  endofexp_p_self_action_press: 0.28
  endofexp_self_rating_neg: 0.9700707386104429
  endofexp_self_rating_pos: 0.0002962269592183972
  endofexp_self_rating_zero: 0.029633034430338503
