results:
  endofexp_other_rating_neg: 0.2623811482478465
  endofexp_other_rating_pos: 0.38523316283416736
  endofexp_other_rating_zero: 0.35238568891798616
  endofexp_p_self_action_press: 0.64
  endofexp_self_rating_neg: 8.338546967479817e-06
  endofexp_self_rating_pos: 0.9937176493101185
  endofexp_self_rating_zero: 0.00627401214291396
