results:
  endofexp_other_rating_neg: 0.2400466003628632
  endofexp_other_rating_pos: 0.13791555629906405
  endofexp_other_rating_zero: 0.6220378433380727
  endofexp_p_self_action_press: 0.28
  endofexp_self_rating_neg: 0.9604852546804462
  endofexp_self_rating_pos: 0.00012177162727031166
  endofexp_self_rating_zero: 0.039392973692283485
