results:
  endofexp_other_rating_neg: 0.08773501947446627
  endofexp_other_rating_pos: 0.42820978435765017
  endofexp_other_rating_zero: 0.4840551961678836
  endofexp_p_self_action_press: 0.64
  endofexp_self_rating_neg: 0.00015716915412598747
  endofexp_self_rating_pos: 0.9741719856745206
  endofexp_self_rating_zero: 0.025670845171353252
