results:
  endofexp_other_rating_neg: 0.4334632141550161
  endofexp_other_rating_pos: 0.09156841928131003
  endofexp_other_rating_zero: 0.4749683665636738
  endofexp_p_self_action_press: 0.6
  endofexp_self_rating_neg: 0.00015544122830172494
  endofexp_self_rating_pos: 0.9765779564097943
  endofexp_self_rating_zero: 0.02326660236190407
