results:
  endofexp_other_rating_neg: 0.3734689218997951
  endofexp_other_rating_pos: 0.25697923159076574
  endofexp_other_rating_zero: 0.3695518465094393
  endofexp_p_self_action_press: 0.16
  endofexp_self_rating_neg: 0.6605424365381579
  endofexp_self_rating_pos: 0.07419246610482465
  endofexp_self_rating_zero: 0.2652650973570176
