results:
  endofexp_other_rating_neg: 0.10212890914293987
  endofexp_other_rating_pos: 0.6030556040219324
  endofexp_other_rating_zero: 0.29481548683512776
  endofexp_p_self_action_press: 0.96
  endofexp_self_rating_neg: 0.23969239387345936
  endofexp_self_rating_pos: 0.4092254909218417
  endofexp_self_rating_zero: 0.351082115204699
