results:
  endofexp_other_rating_neg: 0.14325949917855668
  endofexp_other_rating_pos: 0.5280310694898802
  endofexp_other_rating_zero: 0.32870943133156316
  endofexp_p_self_action_press: 0.44
  endofexp_self_rating_neg: 0.1832550908827405
  endofexp_self_rating_pos: 0.4332364411258162
  endofexp_self_rating_zero: 0.3835084679914432
