results:
  endofexp_other_rating_neg: 0.19804709121556094
  endofexp_other_rating_pos: 0.17647402220193542
  endofexp_other_rating_zero: 0.6254788865825036
  endofexp_p_self_action_press: 0.32
  endofexp_self_rating_neg: 0.9575819733244866
  endofexp_self_rating_pos: 0.0001879299341933153
  endofexp_self_rating_zero: 0.042230096741320236
