results:
  endofexp_other_rating_neg: 0.3767799827369084
  endofexp_other_rating_pos: 0.26692929980199254
  endofexp_other_rating_zero: 0.356290717461099
  endofexp_p_self_action_press: 0.56
  endofexp_self_rating_neg: 0.2648963934680233
  endofexp_self_rating_pos: 0.2764975246241352
  endofexp_self_rating_zero: 0.45860608190784147
