results:
  endofexp_other_rating_neg: 0.3237742627102447
  endofexp_other_rating_pos: 0.3091401998124028
  endofexp_other_rating_zero: 0.36708553747735245
  endofexp_p_self_action_press: 0.52
  endofexp_self_rating_neg: 0.3720548999854492
  endofexp_self_rating_pos: 0.27651657586365186
  endofexp_self_rating_zero: 0.3514285241508988
