results:
  endofexp_other_rating_neg: 0.3105713525718568
  endofexp_other_rating_pos: 0.30076280766735947
  endofexp_other_rating_zero: 0.3886658397607837
  endofexp_p_self_action_press: 0.2
  endofexp_self_rating_neg: 0.7687566625767077
  endofexp_self_rating_pos: 0.02473677195582506
  endofexp_self_rating_zero: 0.20650656546746726
