results:
  endofexp_other_rating_neg: 0.01228749490886227
  endofexp_other_rating_pos: 0.8248875104879646
  endofexp_other_rating_zero: 0.16282499460317315
  endofexp_p_self_action_press: 0.12
  endofexp_self_rating_neg: 0.03296780210953509
  endofexp_self_rating_pos: 0.5273813617584406
  endofexp_self_rating_zero: 0.4396508361320243
