results:
  endofexp_other_rating_neg: 0.0009936852016888007
  endofexp_other_rating_pos: 0.9302546594832668
  endofexp_other_rating_zero: 0.06875165531504437
  endofexp_p_self_action_press: 0.08
  endofexp_self_rating_neg: 0.629785884451418
  endofexp_self_rating_pos: 0.04174709798067187
  endofexp_self_rating_zero: 0.32846701756791
