results:
  endofexp_other_rating_neg: 0.8537788434816674
  endofexp_other_rating_pos: 0.007609813062815644
  endofexp_other_rating_zero: 0.13861134345551687
  endofexp_p_self_action_press: 0.8
  endofexp_self_rating_neg: 0.03864386450232713
  endofexp_self_rating_pos: 0.46371759101363424
  endofexp_self_rating_zero: 0.4976385444840385
