results:
  endofexp_other_rating_neg: 0.07124141340668204
  endofexp_other_rating_pos: 0.44980168238602586
  endofexp_other_rating_zero: 0.47895690420729214
  endofexp_p_self_action_press: 0.6
  endofexp_self_rating_neg: 0.00010724012609688509
  endofexp_self_rating_pos: 0.9771772977150629
  endofexp_self_rating_zero: 0.022715462158840335
