results:
  endofexp_other_rating_neg: 0.9405292035497019
  endofexp_other_rating_pos: 0.000794346211534543
  endofexp_other_rating_zero: 0.058676450238763486
  endofexp_p_self_action_press: 0.04
  endofexp_self_rating_neg: 0.3531689765236652
  endofexp_self_rating_pos: 0.20409640177775581
  endofexp_self_rating_zero: 0.442734621698579
