results:
  endofexp_other_rating_neg: 0.2839234854590095
  endofexp_other_rating_pos: 0.3928875227280309
  endofexp_other_rating_zero: 0.3231889918129596
  endofexp_p_self_action_press: 0.36
  endofexp_self_rating_neg: 0.9929670696807742
  endofexp_self_rating_pos: 3.849699054648388e-05
  endofexp_self_rating_zero: 0.0069944333286793454
