results:
  endofexp_other_rating_neg: 0.07338397109789972
  endofexp_other_rating_pos: 0.4237538426659752
  endofexp_other_rating_zero: 0.5028621862361251
  endofexp_p_self_action_press: 0.64
  endofexp_self_rating_neg: 0.00016161354782071776
  endofexp_self_rating_pos: 0.9709103255924103
  endofexp_self_rating_zero: 0.02892806085976892
