results:
  endofexp_other_rating_neg: 0.38444023593293386
  endofexp_other_rating_pos: 0.12349125627202716
  endofexp_other_rating_zero: 0.49206850779503897
  endofexp_p_self_action_press: 0.6
  endofexp_self_rating_neg: 0.00027404338784703077
  endofexp_self_rating_pos: 0.9709122777906691
  endofexp_self_rating_zero: 0.028813678821483835
