results:
  endofexp_other_rating_neg: 0.037328563122614324
  endofexp_other_rating_pos: 0.2746305374898221
  endofexp_other_rating_zero: 0.6880408993875635
  endofexp_p_self_action_press: 0.48
  endofexp_self_rating_neg: 8.892896687993548e-05
  endofexp_self_rating_pos: 0.9916632627678258
  endofexp_self_rating_zero: 0.00824780826529426
