results:
  endofexp_other_rating_neg: 0.007367570130602822
  endofexp_other_rating_pos: 0.9308174694156344
  endofexp_other_rating_zero: 0.061814960453762814
  endofexp_p_self_action_press: 0.08
  endofexp_self_rating_neg: 0.06036630605023932
  endofexp_self_rating_pos: 0.6626537489531322
  endofexp_self_rating_zero: 0.2769799449966284
