results:
  endofexp_other_rating_neg: 0.00034796197832181455
  endofexp_other_rating_pos: 0.9598746482472748
  endofexp_other_rating_zero: 0.03977738977440335
  endofexp_p_self_action_press: 0.08
  endofexp_self_rating_neg: 0.19833268394686143
  endofexp_self_rating_pos: 0.3282513043909811
  endofexp_self_rating_zero: 0.47341601166215735
