results:
  endofexp_other_rating_neg: 0.11565255509414593
  endofexp_other_rating_pos: 0.10247957580250107
  endofexp_other_rating_zero: 0.781867869103353
  endofexp_p_self_action_press: 0.4
  endofexp_self_rating_neg: 0.9918745698685276
  endofexp_self_rating_pos: 8.998636769629304e-05
  endofexp_self_rating_zero: 0.008035443763775964
