results:
  endofexp_other_rating_neg: 0.8358732395364628
  endofexp_other_rating_pos: 0.0014182622234902866
  endofexp_other_rating_zero: 0.16270849824004704
  endofexp_p_self_action_press: 0.08
  endofexp_self_rating_neg: 0.13120686875771706
  endofexp_self_rating_pos: 0.15719166059002082
  endofexp_self_rating_zero: 0.7116014706522621
