results:
  endofexp_other_rating_neg: 0.8123610136206383
  endofexp_other_rating_pos: 0.010502859938698653
  endofexp_other_rating_zero: 0.17713612644066307
  endofexp_p_self_action_press: 0.12
  endofexp_self_rating_neg: 0.4060737441166803
  endofexp_self_rating_pos: 0.06096265139541844
  endofexp_self_rating_zero: 0.5329636044879013
