results:
  endofexp_other_rating_neg: 0.0006096471441312469
  endofexp_other_rating_pos: 0.9493539661458865
  endofexp_other_rating_zero: 0.05003638670998205
  endofexp_p_self_action_press: 0.08
  endofexp_self_rating_neg: 0.3160970207410733
  endofexp_self_rating_pos: 0.2242876161195435
  endofexp_self_rating_zero: 0.4596153631393833
