results:
  endofexp_other_rating_neg: 0.9722957056548259
  endofexp_other_rating_pos: 0.000309164234837728
  endofexp_other_rating_zero: 0.02739513011033634
  endofexp_p_self_action_press: 0.92
  endofexp_self_rating_neg: 0.06435559194477686
  endofexp_self_rating_pos: 0.6453291009202111
  endofexp_self_rating_zero: 0.29031530713501197
