results:
  endofexp_other_rating_neg: 0.11113518994267561
  endofexp_other_rating_pos: 0.31379320695552326
  endofexp_other_rating_zero: 0.5750716031018012
  endofexp_p_self_action_press: 0.32
  endofexp_self_rating_neg: 0.962124741752423
  endofexp_self_rating_pos: 0.00017085104573358973
  endofexp_self_rating_zero: 0.03770440720184356
