results:
  endofexp_other_rating_neg: 0.3937314576945297
  endofexp_other_rating_pos: 0.23948404810684634
  endofexp_other_rating_zero: 0.36678449419862386
  endofexp_p_self_action_press: 0.4
  endofexp_self_rating_neg: 0.43116557949858253
  endofexp_self_rating_pos: 0.1754728335771923
  endofexp_self_rating_zero: 0.39336158692422524
