results:
  endofexp_other_rating_neg: 0.24946856041019272
  endofexp_other_rating_pos: 0.26105457895470874
  endofexp_other_rating_zero: 0.48947686063509854
  endofexp_p_self_action_press: 0.36
  endofexp_self_rating_neg: 0.9672593321328661
  endofexp_self_rating_pos: 0.0005193216138748673
  endofexp_self_rating_zero: 0.03222134625325916
