results:
  endofexp_other_rating_neg: 0.1507178361245734
  endofexp_other_rating_pos: 0.3067932113092061
  endofexp_other_rating_zero: 0.5424889525662204
  endofexp_p_self_action_press: 0.6
  endofexp_self_rating_neg: 0.00017528664293749751
  endofexp_self_rating_pos: 0.974039879711362
  endofexp_self_rating_zero: 0.025784833645700597
