results:
  endofexp_other_rating_neg: 0.9606014181407265
  endofexp_other_rating_pos: 0.0002553485707254211
  endofexp_other_rating_zero: 0.03914323328854804
  endofexp_p_self_action_press: 0.08
  endofexp_self_rating_neg: 0.195591162409413
  endofexp_self_rating_pos: 0.33794202757099295
  endofexp_self_rating_zero: 0.46646681001959395
