results:
  endofexp_other_rating_neg: 0.011500429143380184
  endofexp_other_rating_pos: 0.8909131930034138
  endofexp_other_rating_zero: 0.09758637785320602
  endofexp_p_self_action_press: 0.08
  endofexp_self_rating_neg: 0.01637727858093976
  endofexp_self_rating_pos: 0.7305598482152169
  endofexp_self_rating_zero: 0.25306287320384346
