results:
  endofexp_other_rating_neg: 0.00037036973650014126
  endofexp_other_rating_pos: 0.9589125214456298
  endofexp_other_rating_zero: 0.0407171088178701
  endofexp_p_self_action_press: 0.08
  endofexp_self_rating_neg: 0.21258049667822745
  endofexp_self_rating_pos: 0.3126399710444959
  endofexp_self_rating_zero: 0.4747795322772766
