results:
  endofexp_other_rating_neg: 0.31861117054984733
  endofexp_other_rating_pos: 0.31788359904280855
  endofexp_other_rating_zero: 0.36350523040734417
  endofexp_p_self_action_press: 0.52
  endofexp_self_rating_neg: 0.08253555435401236
  endofexp_self_rating_pos: 0.5293523015190678
  endofexp_self_rating_zero: 0.3881121441269198
