results:
  endofexp_other_rating_neg: 0.34197232462995164
  endofexp_other_rating_pos: 0.2738509566649308
  endofexp_other_rating_zero: 0.3841767187051176
  endofexp_p_self_action_press: 0.16
  endofexp_self_rating_neg: 0.7609220759810829
  endofexp_self_rating_pos: 0.02704233467501186
  endofexp_self_rating_zero: 0.21203558934390523
