results:
  endofexp_other_rating_neg: 0.00048534851897975867
  endofexp_other_rating_pos: 0.9489976110839972
  endofexp_other_rating_zero: 0.05051704039702311
  endofexp_p_self_action_press: 0.08
  endofexp_self_rating_neg: 0.4860166197833383
  endofexp_self_rating_pos: 0.10616292160771587
  endofexp_self_rating_zero: 0.4078204586089457
