results:
  endofexp_other_rating_neg: 0.5754906190576158
  endofexp_other_rating_pos: 0.05134819469564896
  endofexp_other_rating_zero: 0.37316118624673517
  endofexp_p_self_action_press: 0.68
  endofexp_self_rating_neg: 3.7981114946948215e-05
  endofexp_self_rating_pos: 0.9780752314397966
  endofexp_self_rating_zero: 0.021886787445256593
