results:
  endofexp_other_rating_neg: 0.2697088179398557
  endofexp_other_rating_pos: 0.20914900813618315
  endofexp_other_rating_zero: 0.5211421739239611
  endofexp_p_self_action_press: 0.28
  endofexp_self_rating_neg: 0.9767093642406617
  endofexp_self_rating_pos: 0.00022050984375914868
  endofexp_self_rating_zero: 0.023070125915579193
