results:
  endofexp_other_rating_neg: 0.38128385433854534
  endofexp_other_rating_pos: 0.2786473154284651
  endofexp_other_rating_zero: 0.3400688302329895
  endofexp_p_self_action_press: 0.48
  endofexp_self_rating_neg: 0.24167967865330314
  endofexp_self_rating_pos: 0.349541753077027
  endofexp_self_rating_zero: 0.4087785682696698
