results:
  endofexp_other_rating_neg: 0.36237814746428926
  endofexp_other_rating_pos: 0.14190654534414518
  endofexp_other_rating_zero: 0.4957153071915656
  endofexp_p_self_action_press: 0.28
  endofexp_self_rating_neg: 0.968055453252381
  endofexp_self_rating_pos: 0.00036351019581517304
  endofexp_self_rating_zero: 0.03158103655180393
