results:
  endofexp_other_rating_neg: 0.5968471944357195
  endofexp_other_rating_pos: 0.10828317279321038
  endofexp_other_rating_zero: 0.29486963277107003
  endofexp_p_self_action_press: 0.04
  endofexp_self_rating_neg: 0.37961425560955897
  endofexp_self_rating_pos: 0.26655493883185916
  endofexp_self_rating_zero: 0.3538308055585819
