results:
  endofexp_other_rating_neg: 0.22355320946393975
  endofexp_other_rating_pos: 0.3265223778832609
  endofexp_other_rating_zero: 0.4499244126527993
  endofexp_p_self_action_press: 0.52
  endofexp_self_rating_neg: 0.14994559779631464
  endofexp_self_rating_pos: 0.47344656779936717
  endofexp_self_rating_zero: 0.3766078344043182
