results:
  endofexp_other_rating_neg: 0.8340961008848384
  endofexp_other_rating_pos: 0.0010236217104558807
  endofexp_other_rating_zero: 0.16488027740470565
  endofexp_p_self_action_press: 0.12
  endofexp_self_rating_neg: 0.33863376419825475
  endofexp_self_rating_pos: 0.021079575984789413
  endofexp_self_rating_zero: 0.6402866598169559
