results:
  endofexp_other_rating_neg: 0.9599628624602887
  endofexp_other_rating_pos: 0.00034853917372143977
  endofexp_other_rating_zero: 0.039688598365989876
  endofexp_p_self_action_press: 0.08
  endofexp_self_rating_neg: 0.23903688362522388
  endofexp_self_rating_pos: 0.2839519537757092
  endofexp_self_rating_zero: 0.4770111625990669
