results:
  endofexp_other_rating_neg: 0.1481287891945714
  endofexp_other_rating_pos: 0.24155877246947366
  endofexp_other_rating_zero: 0.6103124383359549
  endofexp_p_self_action_press: 0.32
  endofexp_self_rating_neg: 0.961205174259524
  endofexp_self_rating_pos: 0.0001867753335402122
  endofexp_self_rating_zero: 0.038608050406935775
