results:
  endofexp_other_rating_neg: 0.32555881080431515
  endofexp_other_rating_pos: 0.16936161922129592
  endofexp_other_rating_zero: 0.505079569974389
  endofexp_p_self_action_press: 0.48
  endofexp_self_rating_neg: 0.00044992624235586017
  endofexp_self_rating_pos: 0.9670399688716883
  endofexp_self_rating_zero: 0.0325101048859559
