results:
  endofexp_other_rating_neg: 0.4289559183985045
  endofexp_other_rating_pos: 0.2179332433483514
  endofexp_other_rating_zero: 0.35311083825314415
  endofexp_p_self_action_press: 0.48
  endofexp_self_rating_neg: 0.3562591407746527
  endofexp_self_rating_pos: 0.29218231256463933
  endofexp_self_rating_zero: 0.35155854666070807
