results:
  endofexp_other_rating_neg: 0.3976636983184243
  endofexp_other_rating_pos: 0.2593163395006919
  endofexp_other_rating_zero: 0.34301996218088376
  endofexp_p_self_action_press: 0.48
  endofexp_self_rating_neg: 0.46394909016968827
  endofexp_self_rating_pos: 0.191452677655834
  endofexp_self_rating_zero: 0.34459823217447766
