results:
  endofexp_other_rating_neg: 0.5301520745132879
  endofexp_other_rating_pos: 0.05466999901353424
  endofexp_other_rating_zero: 0.41517792647317775
  endofexp_p_self_action_press: 0.52
  endofexp_self_rating_neg: 0.00037575903601843935
  endofexp_self_rating_pos: 0.9671618943098799
  endofexp_self_rating_zero: 0.03246234665410165
