results:
  endofexp_other_rating_neg: 0.4787238284492516
  endofexp_other_rating_pos: 0.1486115638357636
  endofexp_other_rating_zero: 0.3726646077149848
  endofexp_p_self_action_press: 0.52
  endofexp_self_rating_neg: 0.46444586847332886
  endofexp_self_rating_pos: 0.19811316517796504
  endofexp_self_rating_zero: 0.33744096634870624
