results:
  endofexp_other_rating_neg: 0.012449604389606725
  endofexp_other_rating_pos: 0.8274285167206196
  endofexp_other_rating_zero: 0.16012187888977378
  endofexp_p_self_action_press: 0.8
  endofexp_self_rating_neg: 0.011861816367395132
  endofexp_self_rating_pos: 0.6039366802355891
  endofexp_self_rating_zero: 0.3842015033970158
