results:
  endofexp_other_rating_neg: 0.30706725459532225
  endofexp_other_rating_pos: 0.3462813381452333
  endofexp_other_rating_zero: 0.3466514072594444
  endofexp_p_self_action_press: 0.44
  endofexp_self_rating_neg: 0.4594930009746282
  endofexp_self_rating_pos: 0.10415444884775546
  endofexp_self_rating_zero: 0.43635255017761637
