results:
  endofexp_other_rating_neg: 0.10515731864847114
  endofexp_other_rating_pos: 0.5990985789787071
  endofexp_other_rating_zero: 0.2957441023728218
  endofexp_p_self_action_press: 0.96
  endofexp_self_rating_neg: 0.2352063963118745
  endofexp_self_rating_pos: 0.41415211910260114
  endofexp_self_rating_zero: 0.35064148458552435
