results:
  endofexp_other_rating_neg: 0.24432698032369193
  endofexp_other_rating_pos: 0.3896872199438256
  endofexp_other_rating_zero: 0.36598579973248235
  endofexp_p_self_action_press: 0.48
  endofexp_self_rating_neg: 0.12623437728290368
  endofexp_self_rating_pos: 0.547940445374914
  endofexp_self_rating_zero: 0.3258251773421823
