results:
  endofexp_other_rating_neg: 0.2722908903116866
  endofexp_other_rating_pos: 0.20946038995471003
  endofexp_other_rating_zero: 0.5182487197336033
  endofexp_p_self_action_press: 0.32
  endofexp_self_rating_neg: 0.9723163142278365
  endofexp_self_rating_pos: 0.0002760932417984858
  endofexp_self_rating_zero: 0.027407592530364903
