results:
  endofexp_other_rating_neg: 0.34316118318920374
  endofexp_other_rating_pos: 0.2665242633973836
  endofexp_other_rating_zero: 0.3903145534134126
  endofexp_p_self_action_press: 0.52
  endofexp_self_rating_neg: 0.36074762787495357
  endofexp_self_rating_pos: 0.24892203039055308
  endofexp_self_rating_zero: 0.3903303417344933
