results:
  endofexp_other_rating_neg: 0.29676860752308404
  endofexp_other_rating_pos: 0.35612112342051444
  endofexp_other_rating_zero: 0.34711026905640163
  endofexp_p_self_action_press: 0.4
  endofexp_self_rating_neg: 0.505011175377242
  endofexp_self_rating_pos: 0.1680777411022927
  endofexp_self_rating_zero: 0.32691108352046516
