results:
  endofexp_other_rating_neg: 0.4458055306096622
  endofexp_other_rating_pos: 0.22763617283409232
  endofexp_other_rating_zero: 0.32655829655624546
  endofexp_p_self_action_press: 0.32
  endofexp_self_rating_neg: 0.991233033063556
  endofexp_self_rating_pos: 3.7500603004980235e-05
  endofexp_self_rating_zero: 0.008729466333438943
