results:
  endofexp_other_rating_neg: 0.3252962083690142
  endofexp_other_rating_pos: 0.16466626089605085
  endofexp_other_rating_zero: 0.510037530734935
  endofexp_p_self_action_press: 0.36
  endofexp_self_rating_neg: 0.9727133235768296
  endofexp_self_rating_pos: 0.00026150784733272104
  endofexp_self_rating_zero: 0.027025168575837765
