results:
  endofexp_other_rating_neg: 0.0238795616973128
  endofexp_other_rating_pos: 0.7752900169658974
  endofexp_other_rating_zero: 0.20083042133678977
  endofexp_p_self_action_press: 0.88
  endofexp_self_rating_neg: 0.0038827104373817573
  endofexp_self_rating_pos: 0.7391361512163995
  endofexp_self_rating_zero: 0.2569811383462187
