results:
  endofexp_other_rating_neg: 0.5222917908362098
  endofexp_other_rating_pos: 0.03410289173497232
  endofexp_other_rating_zero: 0.44360531742881776
  endofexp_p_self_action_press: 0.64
  endofexp_self_rating_neg: 0.00030299660744205053
  endofexp_self_rating_pos: 0.9577691528996192
  endofexp_self_rating_zero: 0.0419278504929387
