results:
  endofexp_other_rating_neg: 0.9345027953201654
  endofexp_other_rating_pos: 0.0008131922536374859
  endofexp_other_rating_zero: 0.0646840124261971
  endofexp_p_self_action_press: 0.08
  endofexp_self_rating_neg: 0.6216320786240322
  endofexp_self_rating_pos: 0.04436052886554908
  endofexp_self_rating_zero: 0.33400739251041855
