results:
  endofexp_other_rating_neg: 0.007087900720065873
  endofexp_other_rating_pos: 0.9265884603784612
  endofexp_other_rating_zero: 0.06632363890147298
  endofexp_p_self_action_press: 0.08
  endofexp_self_rating_neg: 0.3338669614786328
  endofexp_self_rating_pos: 0.28772216885929924
  endofexp_self_rating_zero: 0.37841086966206794
