results:
  endofexp_other_rating_neg: 0.012084579314133913
  endofexp_other_rating_pos: 0.830797847886306
  endofexp_other_rating_zero: 0.15711757279956023
  endofexp_p_self_action_press: 0.12
  endofexp_self_rating_neg: 0.2518912296860082
  endofexp_self_rating_pos: 0.17299790062694
  endofexp_self_rating_zero: 0.5751108696870518
