results:
  endofexp_other_rating_neg: 0.3223339259979419
  endofexp_other_rating_pos: 0.30677382009915166
  endofexp_other_rating_zero: 0.37089225390290637
  endofexp_p_self_action_press: 0.64
  endofexp_self_rating_neg: 0.37410701667088364
  endofexp_self_rating_pos: 0.26965465234318414
  endofexp_self_rating_zero: 0.35623833098593216
