results:
  endofexp_other_rating_neg: 0.3278811411844283
  endofexp_other_rating_pos: 0.32662073232906536
  endofexp_other_rating_zero: 0.3454981264865064
  endofexp_p_self_action_press: 0.36
  endofexp_self_rating_neg: 0.37955455591085235
  endofexp_self_rating_pos: 0.25294693676502655
  endofexp_self_rating_zero: 0.36749850732412104
