results:
  endofexp_other_rating_neg: 0.0004890316343125221
  endofexp_other_rating_pos: 0.9485995327484217
  endofexp_other_rating_zero: 0.050911435617265605
  endofexp_p_self_action_press: 0.08
  endofexp_self_rating_neg: 0.46947450091122717
  endofexp_self_rating_pos: 0.117292159855787
  endofexp_self_rating_zero: 0.41323333923298594
