results:
  endofexp_other_rating_neg: 0.26120181419159444
  endofexp_other_rating_pos: 0.3253206376657304
  endofexp_other_rating_zero: 0.4134775481426753
  endofexp_p_self_action_press: 0.4
  endofexp_self_rating_neg: 0.1653820838878672
  endofexp_self_rating_pos: 0.433878273595617
  endofexp_self_rating_zero: 0.4007396425165159
