results:
  endofexp_other_rating_neg: 0.007921049734633853
  endofexp_other_rating_pos: 0.9111697385993461
  endofexp_other_rating_zero: 0.0809092116660202
  endofexp_p_self_action_press: 0.08
  endofexp_self_rating_neg: 0.046378054143778435
  endofexp_self_rating_pos: 0.6450579633653513
  endofexp_self_rating_zero: 0.3085639824908703
