results:
  endofexp_other_rating_neg: 0.8311841158401166
  endofexp_other_rating_pos: 0.0018816215179522093
  endofexp_other_rating_zero: 0.16693426264193098
  endofexp_p_self_action_press: 0.08
  endofexp_self_rating_neg: 0.1860370927102288
  endofexp_self_rating_pos: 0.10718059982431867
  endofexp_self_rating_zero: 0.7067823074654525
