results:
  endofexp_other_rating_neg: 0.10731007204465272
  endofexp_other_rating_pos: 0.5988656774657177
  endofexp_other_rating_zero: 0.2938242504896296
  endofexp_p_self_action_press: 0.48
  endofexp_self_rating_neg: 0.21437387190480017
  endofexp_self_rating_pos: 0.4045505194312739
  endofexp_self_rating_zero: 0.38107560866392587
