results:
  endofexp_other_rating_neg: 0.005557373113579927
  endofexp_other_rating_pos: 0.9370139063278116
  endofexp_other_rating_zero: 0.05742872055860864
  endofexp_p_self_action_press: 0.08
  endofexp_self_rating_neg: 0.048031564589980986
  endofexp_self_rating_pos: 0.6612815597476843
  endofexp_self_rating_zero: 0.29068687566233475
