results:
  endofexp_other_rating_neg: 0.3818716598587276
  endofexp_other_rating_pos: 0.2673943649246462
  endofexp_other_rating_zero: 0.3507339752166261
  endofexp_p_self_action_press: 0.64
  endofexp_self_rating_neg: 0.11284934982739306
  endofexp_self_rating_pos: 0.5146635287083042
  endofexp_self_rating_zero: 0.37248712146430274
