results:
  endofexp_other_rating_neg: 0.33230431335587096
  endofexp_other_rating_pos: 0.3127538412354308
  endofexp_other_rating_zero: 0.3549418454086982
  endofexp_p_self_action_press: 0.44
  endofexp_self_rating_neg: 0.4123589760174302
  endofexp_self_rating_pos: 0.22592120257615586
  endofexp_self_rating_zero: 0.361719821406414
