results:
  endofexp_other_rating_neg: 0.14517668771852688
  endofexp_other_rating_pos: 0.35255701570305026
  endofexp_other_rating_zero: 0.5022662965784229
  endofexp_p_self_action_press: 0.64
  endofexp_self_rating_neg: 0.00024813013292068357
  endofexp_self_rating_pos: 0.9725170750280266
  endofexp_self_rating_zero: 0.02723479483905258
