results:
  endofexp_other_rating_neg: 0.18918562345285717
  endofexp_other_rating_pos: 0.30664775506106623
  endofexp_other_rating_zero: 0.5041666214860766
  endofexp_p_self_action_press: 0.32
  endofexp_self_rating_neg: 0.9630147372762876
  endofexp_self_rating_pos: 0.000555251003855521
  endofexp_self_rating_zero: 0.036430011719856895
