results:
  endofexp_other_rating_neg: 0.3365121717694382
  endofexp_other_rating_pos: 0.3077959989770621
  endofexp_other_rating_zero: 0.3556918292534996
  endofexp_p_self_action_press: 0.28
  endofexp_self_rating_neg: 0.9936951700219161
  endofexp_self_rating_pos: 9.08281898482921e-06
  endofexp_self_rating_zero: 0.0062957471590991045
