results:
  endofexp_other_rating_neg: 0.6288926280037166
  endofexp_other_rating_pos: 0.027563430451397676
  endofexp_other_rating_zero: 0.3435439415448858
  endofexp_p_self_action_press: 0.56
  endofexp_self_rating_neg: 0.0007232773862810677
  endofexp_self_rating_pos: 0.9522622580922715
  endofexp_self_rating_zero: 0.047014464521447356
