results:
  endofexp_other_rating_neg: 0.5877270767706004
  endofexp_other_rating_pos: 0.045561848094958286
  endofexp_other_rating_zero: 0.36671107513444123
  endofexp_p_self_action_press: 0.68
  endofexp_self_rating_neg: 3.4543420369200865e-05
  endofexp_self_rating_pos: 0.9809347463101905
  endofexp_self_rating_zero: 0.019030710269440268
