results:
  endofexp_other_rating_neg: 0.27019684563095087
  endofexp_other_rating_pos: 0.33912372685327935
  endofexp_other_rating_zero: 0.3906794275157698
  endofexp_p_self_action_press: 0.48
  endofexp_self_rating_neg: 0.10538603669163378
  endofexp_self_rating_pos: 0.6033450185192811
  endofexp_self_rating_zero: 0.29126894478908505
