results:
  endofexp_other_rating_neg: 0.18790761208289364
  endofexp_other_rating_pos: 0.4658638627753873
  endofexp_other_rating_zero: 0.346228525141719
  endofexp_p_self_action_press: 0.32
  endofexp_self_rating_neg: 0.4127791681757959
  endofexp_self_rating_pos: 0.24077161857983545
  endofexp_self_rating_zero: 0.3464492132443685
