results:
  endofexp_other_rating_neg: 0.16174579382073112
  endofexp_other_rating_pos: 0.5108612930482707
  endofexp_other_rating_zero: 0.32739291313099805
  endofexp_p_self_action_press: 0.32
  endofexp_self_rating_neg: 0.9917744566078703
  endofexp_self_rating_pos: 1.5716913083222238e-05
  endofexp_self_rating_zero: 0.0082098264790465
