results:
  endofexp_other_rating_neg: 0.2961190349334266
  endofexp_other_rating_pos: 0.35399071072752336
  endofexp_other_rating_zero: 0.34989025433904997
  endofexp_p_self_action_press: 0.52
  endofexp_self_rating_neg: 0.2788940280744143
  endofexp_self_rating_pos: 0.37259149002497627
  endofexp_self_rating_zero: 0.3485144819006093
