results:
  endofexp_other_rating_neg: 0.14388176613133263
  endofexp_other_rating_pos: 0.5182118187753305
  endofexp_other_rating_zero: 0.33790641509333685
  endofexp_p_self_action_press: 0.48
  endofexp_self_rating_neg: 0.35108999692003817
  endofexp_self_rating_pos: 0.3084795219467307
  endofexp_self_rating_zero: 0.34043048113323116
