results:
  endofexp_other_rating_neg: 0.10722017776420954
  endofexp_other_rating_pos: 0.4245289497068451
  endofexp_other_rating_zero: 0.46825087252894526
  endofexp_p_self_action_press: 0.56
  endofexp_self_rating_neg: 0.00034408729988886404
  endofexp_self_rating_pos: 0.9671534231321379
  endofexp_self_rating_zero: 0.03250248956797329
