results:
  endofexp_other_rating_neg: 0.8579079271524905
  endofexp_other_rating_pos: 0.0009035180739852969
  endofexp_other_rating_zero: 0.1411885547735243
  endofexp_p_self_action_press: 0.2
  endofexp_self_rating_neg: 0.15390507868357556
  endofexp_self_rating_pos: 0.08053970262630758
  endofexp_self_rating_zero: 0.7655552186901169
