results:
  endofexp_other_rating_neg: 0.1945475423282135
  endofexp_other_rating_pos: 0.20411169138212715
  endofexp_other_rating_zero: 0.6013407662896594
  endofexp_p_self_action_press: 0.28
  endofexp_self_rating_neg: 0.9552017524669499
  endofexp_self_rating_pos: 0.0002066308317750786
  endofexp_self_rating_zero: 0.0445916167012749
