results:
  endofexp_other_rating_neg: 0.9466970061288508
  endofexp_other_rating_pos: 0.0004204065021051077
  endofexp_other_rating_zero: 0.05288258736904403
  endofexp_p_self_action_press: 0.12
  endofexp_self_rating_neg: 0.031845018727381026
  endofexp_self_rating_pos: 0.6505009072183426
  endofexp_self_rating_zero: 0.3176540740542763
