results:
  endofexp_other_rating_neg: 0.00013348590551189886
  endofexp_other_rating_pos: 0.9560997988452682
  endofexp_other_rating_zero: 0.04376671524921994
  endofexp_p_self_action_press: 0.92
  endofexp_self_rating_neg: 0.05273463310037143
  endofexp_self_rating_pos: 0.492487541637272
  endofexp_self_rating_zero: 0.45477782526235644
