results:
  endofexp_other_rating_neg: 0.9445020086386888
  endofexp_other_rating_pos: 0.0004971550742715015
  endofexp_other_rating_zero: 0.055000836287039626
  endofexp_p_self_action_press: 0.08
  endofexp_self_rating_neg: 0.5629315844037944
  endofexp_self_rating_pos: 0.06899698074209985
  endofexp_self_rating_zero: 0.36807143485410576
