results:
  endofexp_other_rating_neg: 0.4255740816784868
  endofexp_other_rating_pos: 0.23108903004699177
  endofexp_other_rating_zero: 0.34333688827452125
  endofexp_p_self_action_press: 0.44
  endofexp_self_rating_neg: 0.4607084274170091
  endofexp_self_rating_pos: 0.2078293162981106
  endofexp_self_rating_zero: 0.3314622562848802
