results:
  endofexp_other_rating_neg: 0.5046961305338281
  endofexp_other_rating_pos: 0.06431335937646632
  endofexp_other_rating_zero: 0.4309905100897055
  endofexp_p_self_action_press: 0.6
  endofexp_self_rating_neg: 0.00018660658707067278
  endofexp_self_rating_pos: 0.9739106210971449
  endofexp_self_rating_zero: 0.02590277231578437
