results:
  endofexp_other_rating_neg: 0.2648469974559911
  endofexp_other_rating_pos: 0.3653235568065634
  endofexp_other_rating_zero: 0.3698294457374456
  endofexp_p_self_action_press: 0.48
  endofexp_self_rating_neg: 0.43492024475742425
  endofexp_self_rating_pos: 0.1760084900801016
  endofexp_self_rating_zero: 0.38907126516247403
