results:
  endofexp_other_rating_neg: 0.3290437871313686
  endofexp_other_rating_pos: 0.3139347701631425
  endofexp_other_rating_zero: 0.35702144270548886
  endofexp_p_self_action_press: 0.44
  endofexp_self_rating_neg: 0.13538781555300924
  endofexp_self_rating_pos: 0.5005518072197913
  endofexp_self_rating_zero: 0.36406037722719947
