results:
  endofexp_other_rating_neg: 0.00039308831379583615
  endofexp_other_rating_pos: 0.9582500146087725
  endofexp_other_rating_zero: 0.04135689707743177
  endofexp_p_self_action_press: 0.08
  endofexp_self_rating_neg: 0.05212931561505596
  endofexp_self_rating_pos: 0.6308501646814418
  endofexp_self_rating_zero: 0.31702051970350215
