results:
  endofexp_other_rating_neg: 0.15363883185867186
  endofexp_other_rating_pos: 0.35043665304360117
  endofexp_other_rating_zero: 0.495924515097727
  endofexp_p_self_action_press: 0.32
  endofexp_self_rating_neg: 0.9652093690977587
  endofexp_self_rating_pos: 0.0004212882144081224
  endofexp_self_rating_zero: 0.0343693426878332
