results:
  endofexp_other_rating_neg: 0.3640000913738269
  endofexp_other_rating_pos: 0.2708882414035389
  endofexp_other_rating_zero: 0.3651116672226342
  endofexp_p_self_action_press: 0.44
  endofexp_self_rating_neg: 0.3821537716788726
  endofexp_self_rating_pos: 0.1702595022177853
  endofexp_self_rating_zero: 0.447586726103342
