results:
  endofexp_other_rating_neg: 0.99468574138797
  endofexp_other_rating_pos: 5.0275256206892706e-05
  endofexp_other_rating_zero: 0.005263983355823055
  endofexp_p_self_action_press: 0.16
  endofexp_self_rating_neg: 0.12007384183342322
  endofexp_self_rating_pos: 0.08697466564258095
  endofexp_self_rating_zero: 0.7929514925239959
