results:
  endofexp_other_rating_neg: 0.1368816480481258
  endofexp_other_rating_pos: 0.2956308654794053
  endofexp_other_rating_zero: 0.5674874864724688
  endofexp_p_self_action_press: 0.64
  endofexp_self_rating_neg: 0.00010026289767701399
  endofexp_self_rating_pos: 0.9688843220986266
  endofexp_self_rating_zero: 0.0310154150036964
