results:
  endofexp_other_rating_neg: 0.15205038303304286
  endofexp_other_rating_pos: 0.41713746141282393
  endofexp_other_rating_zero: 0.43081215555413327
  endofexp_p_self_action_press: 0.4
  endofexp_self_rating_neg: 0.461509634469296
  endofexp_self_rating_pos: 0.16761342548325717
  endofexp_self_rating_zero: 0.3708769400474468
