results:
  endofexp_other_rating_neg: 0.15980306841577419
  endofexp_other_rating_pos: 0.5904197507661381
  endofexp_other_rating_zero: 0.2497771808180878
  endofexp_p_self_action_press: 0.28
  endofexp_self_rating_neg: 0.9910696701916999
  endofexp_self_rating_pos: 0.0001155286177236625
  endofexp_self_rating_zero: 0.00881480119057642
