results:
  endofexp_other_rating_neg: 0.4099137551863233
  endofexp_other_rating_pos: 0.21058897998450152
  endofexp_other_rating_zero: 0.3794972648291752
  endofexp_p_self_action_press: 0.48
  endofexp_self_rating_neg: 0.2384614488323585
  endofexp_self_rating_pos: 0.34127193427184443
  endofexp_self_rating_zero: 0.420266616895797
