results:
  endofexp_other_rating_neg: 0.2500319908180561
  endofexp_other_rating_pos: 0.22682002900760623
  endofexp_other_rating_zero: 0.5231479801743376
  endofexp_p_self_action_press: 0.32
  endofexp_self_rating_neg: 0.9729728099774405
  endofexp_self_rating_pos: 0.00027601024792605234
  endofexp_self_rating_zero: 0.02675117977463347
