results:
  endofexp_other_rating_neg: 0.22777026784205934
  endofexp_other_rating_pos: 0.4293396028017425
  endofexp_other_rating_zero: 0.34289012935619817
  endofexp_p_self_action_press: 0.44
  endofexp_self_rating_neg: 0.37487987205303513
  endofexp_self_rating_pos: 0.2733530645631014
  endofexp_self_rating_zero: 0.3517670633838635
