results:
  endofexp_other_rating_neg: 0.9204585102427691
  endofexp_other_rating_pos: 0.00043532125314701324
  endofexp_other_rating_zero: 0.07910616850408368
  endofexp_p_self_action_press: 0.08
  endofexp_self_rating_neg: 0.36177626706920624
  endofexp_self_rating_pos: 0.12280500669732315
  endofexp_self_rating_zero: 0.5154187262334706
