results:
  endofexp_other_rating_neg: 0.8251156664868348
  endofexp_other_rating_pos: 0.011357538979496646
  endofexp_other_rating_zero: 0.16352679453366858
  endofexp_p_self_action_press: 0.08
  endofexp_self_rating_neg: 0.2659364048265406
  endofexp_self_rating_pos: 0.18008203481141483
  endofexp_self_rating_zero: 0.5539815603620446
