results:
  endofexp_other_rating_neg: 0.3773450322514525
  endofexp_other_rating_pos: 0.26389741500131436
  endofexp_other_rating_zero: 0.35875755274723303
  endofexp_p_self_action_press: 0.48
  endofexp_self_rating_neg: 0.3827696130446062
  endofexp_self_rating_pos: 0.2454877273665095
  endofexp_self_rating_zero: 0.37174265958888436
