results:
  endofexp_other_rating_neg: 0.2521525689635086
  endofexp_other_rating_pos: 0.32249783889590306
  endofexp_other_rating_zero: 0.4253495921405884
  endofexp_p_self_action_press: 0.44
  endofexp_self_rating_neg: 0.14188779282285055
  endofexp_self_rating_pos: 0.3714314365153193
  endofexp_self_rating_zero: 0.4866807706618302
