results:
  endofexp_other_rating_neg: 0.1601145157930998
  endofexp_other_rating_pos: 0.22626868493894822
  endofexp_other_rating_zero: 0.613616799267952
  endofexp_p_self_action_press: 0.28
  endofexp_self_rating_neg: 0.9591515929125984
  endofexp_self_rating_pos: 0.00017275953384277695
  endofexp_self_rating_zero: 0.040675647553558694
