results:
  endofexp_other_rating_neg: 0.0003248367986372351
  endofexp_other_rating_pos: 0.9610674997353275
  endofexp_other_rating_zero: 0.038607663466035225
  endofexp_p_self_action_press: 0.04
  endofexp_self_rating_neg: 0.5746218321059192
  endofexp_self_rating_pos: 0.07552538070540375
  endofexp_self_rating_zero: 0.34985278718867696
