results:
  endofexp_other_rating_neg: 0.829925269497231
  endofexp_other_rating_pos: 0.0021233364788926217
  endofexp_other_rating_zero: 0.1679513940238764
  endofexp_p_self_action_press: 0.08
  endofexp_self_rating_neg: 0.21645770872013123
  endofexp_self_rating_pos: 0.10046130359826358
  endofexp_self_rating_zero: 0.6830809876816051
