results:
  endofexp_other_rating_neg: 0.005750498527897472
  endofexp_other_rating_pos: 0.9333247626341618
  endofexp_other_rating_zero: 0.06092473883794079
  endofexp_p_self_action_press: 0.08
  endofexp_self_rating_neg: 0.4470955681327999
  endofexp_self_rating_pos: 0.1872792072214617
  endofexp_self_rating_zero: 0.36562522464573843
