results:
  endofexp_other_rating_neg: 0.37266180123725184
  endofexp_other_rating_pos: 0.2744372694582594
  endofexp_other_rating_zero: 0.3529009293044887
  endofexp_p_self_action_press: 0.28
  endofexp_self_rating_neg: 0.9927450307283285
  endofexp_self_rating_pos: 1.039805409585863e-05
  endofexp_self_rating_zero: 0.0072445712175756675
