results:
  endofexp_other_rating_neg: 0.2497439843089534
  endofexp_other_rating_pos: 0.4084896490279187
  endofexp_other_rating_zero: 0.34176636666312793
  endofexp_p_self_action_press: 0.44
  endofexp_self_rating_neg: 0.36645935216826936
  endofexp_self_rating_pos: 0.28042834882607565
  endofexp_self_rating_zero: 0.353112299005655
