results:
  endofexp_other_rating_neg: 0.22234540198128885
  endofexp_other_rating_pos: 0.25279213722932486
  endofexp_other_rating_zero: 0.5248624607893864
  endofexp_p_self_action_press: 0.64
  endofexp_self_rating_neg: 0.00019706960511830366
  endofexp_self_rating_pos: 0.9759155396911591
  endofexp_self_rating_zero: 0.0238873907037228
