results:
  endofexp_other_rating_neg: 0.020589058150178814
  endofexp_other_rating_pos: 0.7817511456421341
  endofexp_other_rating_zero: 0.1976597962076872
  endofexp_p_self_action_press: 0.08
  endofexp_self_rating_neg: 0.7653714465835546
  endofexp_self_rating_pos: 0.004995648625351963
  endofexp_self_rating_zero: 0.22963290479109344
