results:
  endofexp_other_rating_neg: 0.2096686432406215
  endofexp_other_rating_pos: 0.46361284809909264
  endofexp_other_rating_zero: 0.32671850866028584
  endofexp_p_self_action_press: 0.44
  endofexp_self_rating_neg: 0.24799679797589058
  endofexp_self_rating_pos: 0.37649465884873806
  endofexp_self_rating_zero: 0.3755085431753713
