results:
  endofexp_other_rating_neg: 0.19765947071352194
  endofexp_other_rating_pos: 0.2894881702571024
  endofexp_other_rating_zero: 0.5128523590293756
  endofexp_p_self_action_press: 0.32
  endofexp_self_rating_neg: 0.9677937300772488
  endofexp_self_rating_pos: 0.0004319589430764359
  endofexp_self_rating_zero: 0.031774310979674744
