results:
  endofexp_other_rating_neg: 0.30620253379480766
  endofexp_other_rating_pos: 0.33635328046675245
  endofexp_other_rating_zero: 0.35744418573843983
  endofexp_p_self_action_press: 0.32
  endofexp_self_rating_neg: 0.33905178034348815
  endofexp_self_rating_pos: 0.3118326465256082
  endofexp_self_rating_zero: 0.34911557313090374
