results:
  endofexp_other_rating_neg: 0.8262352226546418
  endofexp_other_rating_pos: 0.012333438252341036
  endofexp_other_rating_zero: 0.1614313390930171
  endofexp_p_self_action_press: 0.08
  endofexp_self_rating_neg: 0.21276264440911902
  endofexp_self_rating_pos: 0.20673270073178798
  endofexp_self_rating_zero: 0.580504654859093
