results:
  endofexp_other_rating_neg: 0.8197189438731538
  endofexp_other_rating_pos: 0.013747574992094374
  endofexp_other_rating_zero: 0.16653348113475194
  endofexp_p_self_action_press: 0.08
  endofexp_self_rating_neg: 0.31561556421992254
  endofexp_self_rating_pos: 0.1357677061891319
  endofexp_self_rating_zero: 0.5486167295909457
