results:
  endofexp_other_rating_neg: 0.3077987968998108
  endofexp_other_rating_pos: 0.34239693508956753
  endofexp_other_rating_zero: 0.3498042680106216
  endofexp_p_self_action_press: 0.28
  endofexp_self_rating_neg: 0.3255341815786517
  endofexp_self_rating_pos: 0.3006640384119702
  endofexp_self_rating_zero: 0.373801780009378
