results:
  endofexp_other_rating_neg: 0.14867655621290807
  endofexp_other_rating_pos: 0.5139798384876898
  endofexp_other_rating_zero: 0.33734360529940216
  endofexp_p_self_action_press: 0.48
  endofexp_self_rating_neg: 0.2823523388942121
  endofexp_self_rating_pos: 0.3583497963165558
  endofexp_self_rating_zero: 0.3592978647892322
