results:
  endofexp_other_rating_neg: 0.0004497472305617204
  endofexp_other_rating_pos: 0.9491274156416764
  endofexp_other_rating_zero: 0.05042283712776197
  endofexp_p_self_action_press: 0.08
  endofexp_self_rating_neg: 0.12892511839737902
  endofexp_self_rating_pos: 0.44079819625137745
  endofexp_self_rating_zero: 0.4302766853512436
