results:
  endofexp_other_rating_neg: 0.27380830840711234
  endofexp_other_rating_pos: 0.3387996325967723
  endofexp_other_rating_zero: 0.38739205899611534
  endofexp_p_self_action_press: 0.24
  endofexp_self_rating_neg: 0.7663011655139406
  endofexp_self_rating_pos: 0.024750152429030926
  endofexp_self_rating_zero: 0.20894868205702852
