results:
  endofexp_other_rating_neg: 0.2541132285989547
  endofexp_other_rating_pos: 0.23169863895440562
  endofexp_other_rating_zero: 0.5141881324466396
  endofexp_p_self_action_press: 0.44
  endofexp_self_rating_neg: 0.9679299496806005
  endofexp_self_rating_pos: 0.00034401205232205515
  endofexp_self_rating_zero: 0.0317260382670774
