results:
  endofexp_other_rating_neg: 0.00011690476410966575
  endofexp_other_rating_pos: 0.9583066130196569
  endofexp_other_rating_zero: 0.04157648221623359
  endofexp_p_self_action_press: 0.92
  endofexp_self_rating_neg: 0.06737758752462393
  endofexp_self_rating_pos: 0.4713131741886294
  endofexp_self_rating_zero: 0.46130923828674664
