results:
  endofexp_other_rating_neg: 0.38555190904761555
  endofexp_other_rating_pos: 0.26663006006605633
  endofexp_other_rating_zero: 0.34781803088632807
  endofexp_p_self_action_press: 0.6
  endofexp_self_rating_neg: 0.08552967560145733
  endofexp_self_rating_pos: 0.6212243294559715
  endofexp_self_rating_zero: 0.2932459949425711
