results:
  endofexp_other_rating_neg: 0.9664562161896638
  endofexp_other_rating_pos: 0.0001253353873822222
  endofexp_other_rating_zero: 0.033418448422953814
  endofexp_p_self_action_press: 0.08
  endofexp_self_rating_neg: 0.35577672708659497
  endofexp_self_rating_pos: 0.14872750236917784
  endofexp_self_rating_zero: 0.4954957705442272
