results:
  endofexp_other_rating_neg: 0.9475203886835593
  endofexp_other_rating_pos: 0.00018008426226523747
  endofexp_other_rating_zero: 0.05229952705417563
  endofexp_p_self_action_press: 0.08
  endofexp_self_rating_neg: 0.09697886773495544
  endofexp_self_rating_pos: 0.4167509440416602
  endofexp_self_rating_zero: 0.4862701882233843
