results:
  endofexp_other_rating_neg: 0.9662237185607581
  endofexp_other_rating_pos: 0.00028596703647129016
  endofexp_other_rating_zero: 0.03349031440277078
  endofexp_p_self_action_press: 0.08
  endofexp_self_rating_neg: 0.049914956016171685
  endofexp_self_rating_pos: 0.6399771459874449
  endofexp_self_rating_zero: 0.31010789799638333
