results:
  endofexp_other_rating_neg: 0.34513049256657924
  endofexp_other_rating_pos: 0.30358822771677485
  endofexp_other_rating_zero: 0.35128127971664597
  endofexp_p_self_action_press: 0.52
  endofexp_self_rating_neg: 0.2128273377132275
  endofexp_self_rating_pos: 0.4287925573766262
  endofexp_self_rating_zero: 0.3583801049101464
