results:
  endofexp_other_rating_neg: 0.0055128928480690596
  endofexp_other_rating_pos: 0.9345211136906155
  endofexp_other_rating_zero: 0.059965993461315585
  endofexp_p_self_action_press: 0.08
  endofexp_self_rating_neg: 0.17251074564182206
  endofexp_self_rating_pos: 0.4377866184103303
  endofexp_self_rating_zero: 0.3897026359478476
