results:
  endofexp_other_rating_neg: 0.2187578793650742
  endofexp_other_rating_pos: 0.38786927582453246
  endofexp_other_rating_zero: 0.39337284481039325
  endofexp_p_self_action_press: 0.6
  endofexp_self_rating_neg: 0.5674779271735519
  endofexp_self_rating_pos: 0.11814510055402835
  endofexp_self_rating_zero: 0.3143769722724197
