results:
  endofexp_other_rating_neg: 0.21447084004677988
  endofexp_other_rating_pos: 0.3868720264583631
  endofexp_other_rating_zero: 0.39865713349485693
  endofexp_p_self_action_press: 0.36
  endofexp_self_rating_neg: 0.32590143718288467
  endofexp_self_rating_pos: 0.3250584839065941
  endofexp_self_rating_zero: 0.34904007891052125
