results:
  endofexp_other_rating_neg: 0.24799773532942207
  endofexp_other_rating_pos: 0.4028019052758057
  endofexp_other_rating_zero: 0.34920035939477223
  endofexp_p_self_action_press: 0.68
  endofexp_self_rating_neg: 1.260056427179576e-05
  endofexp_self_rating_pos: 0.9920577035823142
  endofexp_self_rating_zero: 0.00792969585341418
