results:
  endofexp_other_rating_neg: 0.2777507698342994
  endofexp_other_rating_pos: 0.3570806040754247
  endofexp_other_rating_zero: 0.36516862609027584
  endofexp_p_self_action_press: 0.52
  endofexp_self_rating_neg: 0.47392085251633514
  endofexp_self_rating_pos: 0.15328543441437695
  endofexp_self_rating_zero: 0.3727937130692879
