results:
  endofexp_other_rating_neg: 0.8157960333043519
  endofexp_other_rating_pos: 0.014704159395392918
  endofexp_other_rating_zero: 0.16949980730025524
  endofexp_p_self_action_press: 0.08
  endofexp_self_rating_neg: 0.13331252253109285
  endofexp_self_rating_pos: 0.3067746533289592
  endofexp_self_rating_zero: 0.5599128241399479
