results:
  endofexp_other_rating_neg: 0.2151109035411526
  endofexp_other_rating_pos: 0.42421059225691576
  endofexp_other_rating_zero: 0.3606785042019317
  endofexp_p_self_action_press: 0.48
  endofexp_self_rating_neg: 0.2855449258325222
  endofexp_self_rating_pos: 0.34481729150047036
  endofexp_self_rating_zero: 0.36963778266700736
