results:
  endofexp_other_rating_neg: 0.3280444205521534
  endofexp_other_rating_pos: 0.31808381607061614
  endofexp_other_rating_zero: 0.3538717633772304
  endofexp_p_self_action_press: 0.4
  endofexp_self_rating_neg: 0.41710716526706226
  endofexp_self_rating_pos: 0.2399428492158157
  endofexp_self_rating_zero: 0.34294998551712214
