results:
  endofexp_other_rating_neg: 0.2628614557127279
  endofexp_other_rating_pos: 0.21999536273885506
  endofexp_other_rating_zero: 0.517143181548417
  endofexp_p_self_action_press: 0.4
  endofexp_self_rating_neg: 0.9712324190674048
  endofexp_self_rating_pos: 0.0003307143882346496
  endofexp_self_rating_zero: 0.028436866544360426
