results:
  endofexp_other_rating_neg: 0.15694347629884545
  endofexp_other_rating_pos: 0.5168370023438547
  endofexp_other_rating_zero: 0.32621952135729987
  endofexp_p_self_action_press: 0.64
  endofexp_self_rating_neg: 9.34733147580266e-06
  endofexp_self_rating_pos: 0.9935826488873447
  endofexp_self_rating_zero: 0.006408003781179441
