results:
  endofexp_other_rating_neg: 0.23740286704121927
  endofexp_other_rating_pos: 0.41478225287533377
  endofexp_other_rating_zero: 0.3478148800834469
  endofexp_p_self_action_press: 0.36
  endofexp_self_rating_neg: 0.9939875566840288
  endofexp_self_rating_pos: 8.839036728594515e-06
  endofexp_self_rating_zero: 0.006003604279242651
