results:
  endofexp_other_rating_neg: 0.11259172033357498
  endofexp_other_rating_pos: 0.4121265399761549
  endofexp_other_rating_zero: 0.47528173969027016
  endofexp_p_self_action_press: 0.64
  endofexp_self_rating_neg: 0.00042909784084117477
  endofexp_self_rating_pos: 0.9639747163582235
  endofexp_self_rating_zero: 0.03559618580093543
