results:
  endofexp_other_rating_neg: 0.29629594445226054
  endofexp_other_rating_pos: 0.34514284082006064
  endofexp_other_rating_zero: 0.3585612147276788
  endofexp_p_self_action_press: 0.56
  endofexp_self_rating_neg: 0.15690821444377212
  endofexp_self_rating_pos: 0.4156616331967422
  endofexp_self_rating_zero: 0.42743015235948567
