results:
  endofexp_other_rating_neg: 0.41061345249153763
  endofexp_other_rating_pos: 0.24917426213352986
  endofexp_other_rating_zero: 0.3402122853749325
  endofexp_p_self_action_press: 0.48
  endofexp_self_rating_neg: 0.39806463336048964
  endofexp_self_rating_pos: 0.24421992234484965
  endofexp_self_rating_zero: 0.3577154442946607
