results:
  endofexp_other_rating_neg: 0.603245077708563
  endofexp_other_rating_pos: 0.1019672145627711
  endofexp_other_rating_zero: 0.2947877077286659
  endofexp_p_self_action_press: 0.96
  endofexp_self_rating_neg: 0.24106220906605055
  endofexp_self_rating_pos: 0.4077643483338972
  endofexp_self_rating_zero: 0.3511734426000523
