results:
  endofexp_other_rating_neg: 0.01275149898710338
  endofexp_other_rating_pos: 0.8134628678268202
  endofexp_other_rating_zero: 0.17378563318607637
  endofexp_p_self_action_press: 0.08
  endofexp_self_rating_neg: 0.6282581255286243
  endofexp_self_rating_pos: 0.01960764002972666
  endofexp_self_rating_zero: 0.35213423444164904
