results:
  endofexp_other_rating_neg: 0.1459088238663534
  endofexp_other_rating_pos: 0.3418648655364958
  endofexp_other_rating_zero: 0.5122263105971507
  endofexp_p_self_action_press: 0.56
  endofexp_self_rating_neg: 0.00012176434333022683
  endofexp_self_rating_pos: 0.9773375164346585
  endofexp_self_rating_zero: 0.022540719222011334
