results:
  endofexp_other_rating_neg: 0.2417141290030973
  endofexp_other_rating_pos: 0.37298827660326633
  endofexp_other_rating_zero: 0.38529759439363637
  endofexp_p_self_action_press: 0.52
  endofexp_self_rating_neg: 0.2784909074175119
  endofexp_self_rating_pos: 0.3345410259909921
  endofexp_self_rating_zero: 0.38696806659149596
