results:
  endofexp_other_rating_neg: 0.3420658719340931
  endofexp_other_rating_pos: 0.3060018828682238
  endofexp_other_rating_zero: 0.3519322451976831
  endofexp_p_self_action_press: 0.52
  endofexp_self_rating_neg: 0.37353936904754
  endofexp_self_rating_pos: 0.2783066656702113
  endofexp_self_rating_zero: 0.3481539652822487
