results:
  endofexp_other_rating_neg: 0.24973554435312084
  endofexp_other_rating_pos: 0.37909688816890674
  endofexp_other_rating_zero: 0.37116756747797236
  endofexp_p_self_action_press: 0.76
  endofexp_self_rating_neg: 0.06675943532865945
  endofexp_self_rating_pos: 0.6722886111454632
  endofexp_self_rating_zero: 0.2609519535258773
