results:
  endofexp_other_rating_neg: 0.4350128079375948
  endofexp_other_rating_pos: 0.11002839915414947
  endofexp_other_rating_zero: 0.4549587929082558
  endofexp_p_self_action_press: 0.32
  endofexp_self_rating_neg: 0.9736382342332719
  endofexp_self_rating_pos: 0.00033678218510296365
  endofexp_self_rating_zero: 0.02602498358162509
