results:
  endofexp_other_rating_neg: 0.00025501931647881315
  endofexp_other_rating_pos: 0.9566748372173944
  endofexp_other_rating_zero: 0.04307014346612675
  endofexp_p_self_action_press: 0.08
  endofexp_self_rating_neg: 0.12152436948263931
  endofexp_self_rating_pos: 0.3993880181150468
  endofexp_self_rating_zero: 0.47908761240231373
