results:
  endofexp_other_rating_neg: 0.2152072254908459
  endofexp_other_rating_pos: 0.46898636981202824
  endofexp_other_rating_zero: 0.31580640469712606
  endofexp_p_self_action_press: 0.36
  endofexp_self_rating_neg: 0.9936924302707508
  endofexp_self_rating_pos: 3.345642707972006e-05
  endofexp_self_rating_zero: 0.006274113302169312
