results:
  endofexp_other_rating_neg: 0.0005833313719901883
  endofexp_other_rating_pos: 0.9463784029178912
  endofexp_other_rating_zero: 0.05303826571011852
  endofexp_p_self_action_press: 0.04
  endofexp_self_rating_neg: 0.5762910634772358
  endofexp_self_rating_pos: 0.07373545197994358
  endofexp_self_rating_zero: 0.34997348454282057
