results:
  endofexp_other_rating_neg: 0.21005054027332565
  endofexp_other_rating_pos: 0.4444791030407434
  endofexp_other_rating_zero: 0.34547035668593096
  endofexp_p_self_action_press: 0.52
  endofexp_self_rating_neg: 0.01865821565559243
  endofexp_self_rating_pos: 0.7870163622342358
  endofexp_self_rating_zero: 0.1943254221101718
