results:
  endofexp_other_rating_neg: 0.0996744724503545
  endofexp_other_rating_pos: 0.39378360919352196
  endofexp_other_rating_zero: 0.5065419183561235
  endofexp_p_self_action_press: 0.6
  endofexp_self_rating_neg: 0.0002881406514411134
  endofexp_self_rating_pos: 0.967709109017578
  endofexp_self_rating_zero: 0.03200275033098104
