results:
  endofexp_other_rating_neg: 0.8300363609808297
  endofexp_other_rating_pos: 0.0023580781828962272
  endofexp_other_rating_zero: 0.16760556083627406
  endofexp_p_self_action_press: 0.08
  endofexp_self_rating_neg: 0.1928509881119345
  endofexp_self_rating_pos: 0.13140638484961636
  endofexp_self_rating_zero: 0.6757426270384491
