results:
  endofexp_other_rating_neg: 0.06149732279126487
  endofexp_other_rating_pos: 0.674092037594546
  endofexp_other_rating_zero: 0.2644106396141891
  endofexp_p_self_action_press: 0.04
  endofexp_self_rating_neg: 0.3748177071967623
  endofexp_self_rating_pos: 0.26245659623792233
  endofexp_self_rating_zero: 0.3627256965653155
