results:
  endofexp_other_rating_neg: 0.06183755542346295
  endofexp_other_rating_pos: 0.5065597680914693
  endofexp_other_rating_zero: 0.4316026764850678
  endofexp_p_self_action_press: 0.28
  endofexp_self_rating_neg: 0.972084583074867
  endofexp_self_rating_pos: 0.0002568830016278454
  endofexp_self_rating_zero: 0.027658533923505167
