results:
  endofexp_other_rating_neg: 0.44110847011702803
  endofexp_other_rating_pos: 0.23657659063494654
  endofexp_other_rating_zero: 0.32231493924802535
  endofexp_p_self_action_press: 0.4
  endofexp_self_rating_neg: 0.9909662254750979
  endofexp_self_rating_pos: 3.6143333843612954e-05
  endofexp_self_rating_zero: 0.008997631191058635
