results:
  endofexp_other_rating_neg: 0.09924344138769714
  endofexp_other_rating_pos: 0.3578125949527799
  endofexp_other_rating_zero: 0.542943963659523
  endofexp_p_self_action_press: 0.64
  endofexp_self_rating_neg: 0.00017345927795469823
  endofexp_self_rating_pos: 0.9676087576009341
  endofexp_self_rating_zero: 0.032217783121111135
