results:
  endofexp_other_rating_neg: 0.0004596417896775377
  endofexp_other_rating_pos: 0.9514674139161351
  endofexp_other_rating_zero: 0.0480729442941874
  endofexp_p_self_action_press: 0.08
  endofexp_self_rating_neg: 0.15787313708706843
  endofexp_self_rating_pos: 0.3989402177607304
  endofexp_self_rating_zero: 0.4431866451522011
