results:
  endofexp_other_rating_neg: 0.3088073605048024
  endofexp_other_rating_pos: 0.33261133294417944
  endofexp_other_rating_zero: 0.35858130655101816
  endofexp_p_self_action_press: 0.48
  endofexp_self_rating_neg: 0.27576991803167605
  endofexp_self_rating_pos: 0.3439091700431513
  endofexp_self_rating_zero: 0.3803209119251727
