results:
  endofexp_other_rating_neg: 0.0002758097662023477
  endofexp_other_rating_pos: 0.9498540610197722
  endofexp_other_rating_zero: 0.04987012921402559
  endofexp_p_self_action_press: 0.08
  endofexp_self_rating_neg: 0.18944933794368227
  endofexp_self_rating_pos: 0.3125821422405711
  endofexp_self_rating_zero: 0.4979685198157464
