results:
  endofexp_other_rating_neg: 0.3975750398193341
  endofexp_other_rating_pos: 0.14433094652473924
  endofexp_other_rating_zero: 0.45809401365592656
  endofexp_p_self_action_press: 0.32
  endofexp_self_rating_neg: 0.9690917524099008
  endofexp_self_rating_pos: 0.00045936091530923305
  endofexp_self_rating_zero: 0.03044888667479009
