results:
  endofexp_other_rating_neg: 0.29650409832406305
  endofexp_other_rating_pos: 0.3509546927948034
  endofexp_other_rating_zero: 0.35254120888113355
  endofexp_p_self_action_press: 0.4
  endofexp_self_rating_neg: 0.16281650102150813
  endofexp_self_rating_pos: 0.42653531233111736
  endofexp_self_rating_zero: 0.41064818664737446
