results:
  endofexp_other_rating_neg: 0.5971774657808593
  endofexp_other_rating_pos: 0.1079546774134276
  endofexp_other_rating_zero: 0.29486785680571315
  endofexp_p_self_action_press: 0.04
  endofexp_self_rating_neg: 0.2660890820364825
  endofexp_self_rating_pos: 0.3800956619882439
  endofexp_self_rating_zero: 0.3538152559752737
