results:
  endofexp_other_rating_neg: 0.0007698087078550954
  endofexp_other_rating_pos: 0.9458832508698883
  endofexp_other_rating_zero: 0.05334694042225651
  endofexp_p_self_action_press: 0.08
  endofexp_self_rating_neg: 0.16850509991273976
  endofexp_self_rating_pos: 0.37916396349362325
  endofexp_self_rating_zero: 0.4523309365936368
