results:
  endofexp_other_rating_neg: 0.0005492124668919035
  endofexp_other_rating_pos: 0.9464433205351844
  endofexp_other_rating_zero: 0.05300746699792359
  endofexp_p_self_action_press: 0.08
  endofexp_self_rating_neg: 0.08263694834845928
  endofexp_self_rating_pos: 0.5265288656380795
  endofexp_self_rating_zero: 0.39083418601346115
