results:
  endofexp_other_rating_neg: 0.04811104227219184
  endofexp_other_rating_pos: 0.4457111459065192
  endofexp_other_rating_zero: 0.506177811821289
  endofexp_p_self_action_press: 0.32
  endofexp_self_rating_neg: 0.953337562627832
  endofexp_self_rating_pos: 0.00024324500850928505
  endofexp_self_rating_zero: 0.04641919236365867
