results:
  endofexp_other_rating_neg: 0.3103641077807104
  endofexp_other_rating_pos: 0.14957363095281137
  endofexp_other_rating_zero: 0.5400622612664782
  endofexp_p_self_action_press: 0.6
  endofexp_self_rating_neg: 0.00024110082648270015
  endofexp_self_rating_pos: 0.9702949877133351
  endofexp_self_rating_zero: 0.029463911460182256
