results:
  endofexp_other_rating_neg: 0.3594824760346033
  endofexp_other_rating_pos: 0.25901833486868814
  endofexp_other_rating_zero: 0.3814991890967085
  endofexp_p_self_action_press: 0.68
  endofexp_self_rating_neg: 0.321542378682417
  endofexp_self_rating_pos: 0.33725264727916826
  endofexp_self_rating_zero: 0.3412049740384147
