results:
  endofexp_other_rating_neg: 0.0008554976220853203
  endofexp_other_rating_pos: 0.9349714155660089
  endofexp_other_rating_zero: 0.06417308681190585
  endofexp_p_self_action_press: 0.04
  endofexp_self_rating_neg: 0.4982461948854109
  endofexp_self_rating_pos: 0.09883723602932046
  endofexp_self_rating_zero: 0.40291656908526857
