results:
  endofexp_other_rating_neg: 0.3230693056162779
  endofexp_other_rating_pos: 0.19499536244005122
  endofexp_other_rating_zero: 0.4819353319436709
  endofexp_p_self_action_press: 0.64
  endofexp_self_rating_neg: 1.1080180714394125e-05
  endofexp_self_rating_pos: 0.9876243667629633
  endofexp_self_rating_zero: 0.012364553056322532
