results:
  endofexp_other_rating_neg: 0.9549257106842867
  endofexp_other_rating_pos: 0.000468195439519531
  endofexp_other_rating_zero: 0.04460609387619379
  endofexp_p_self_action_press: 0.08
  endofexp_self_rating_neg: 0.36639731104686796
  endofexp_self_rating_pos: 0.1770723838376126
  endofexp_self_rating_zero: 0.45653030511551945
