results:
  endofexp_other_rating_neg: 0.4765857467828898
  endofexp_other_rating_pos: 0.1541657257873424
  endofexp_other_rating_zero: 0.3692485274297677
  endofexp_p_self_action_press: 0.52
  endofexp_self_rating_neg: 0.15839276264388244
  endofexp_self_rating_pos: 0.5038989954363898
  endofexp_self_rating_zero: 0.33770824191972765
