results:
  endofexp_other_rating_neg: 0.3144686119736586
  endofexp_other_rating_pos: 0.33103611861363264
  endofexp_other_rating_zero: 0.35449526941270876
  endofexp_p_self_action_press: 0.4
  endofexp_self_rating_neg: 0.38677893787293927
  endofexp_self_rating_pos: 0.22856895781473516
  endofexp_self_rating_zero: 0.38465210431232544
