results:
  endofexp_other_rating_neg: 0.11840794677715474
  endofexp_other_rating_pos: 0.5683993186554223
  endofexp_other_rating_zero: 0.31319273456742297
  endofexp_p_self_action_press: 0.48
  endofexp_self_rating_neg: 0.41549447569992687
  endofexp_self_rating_pos: 0.2272028834214885
  endofexp_self_rating_zero: 0.35730264087858454
