results:
  endofexp_other_rating_neg: 0.01733662642962571
  endofexp_other_rating_pos: 0.8050469496716207
  endofexp_other_rating_zero: 0.1776164238987535
  endofexp_p_self_action_press: 0.08
  endofexp_self_rating_neg: 0.44793697984134884
  endofexp_self_rating_pos: 0.07049080657585072
  endofexp_self_rating_zero: 0.48157221358280045
