results:
  endofexp_other_rating_neg: 0.15639256516284472
  endofexp_other_rating_pos: 0.31248194120366724
  endofexp_other_rating_zero: 0.531125493633488
  endofexp_p_self_action_press: 0.6
  endofexp_self_rating_neg: 0.0002110567069128644
  endofexp_self_rating_pos: 0.9707524081696999
  endofexp_self_rating_zero: 0.029036535123387296
