results:
  endofexp_other_rating_neg: 0.24594398390261554
  endofexp_other_rating_pos: 0.41596887290668516
  endofexp_other_rating_zero: 0.3380871431906993
  endofexp_p_self_action_press: 0.48
  endofexp_self_rating_neg: 0.47468194150503834
  endofexp_self_rating_pos: 0.20855278391022616
  endofexp_self_rating_zero: 0.3167652745847355
