results:
  endofexp_other_rating_neg: 0.05238093846852839
  endofexp_other_rating_pos: 0.4500919669262044
  endofexp_other_rating_zero: 0.4975270946052671
  endofexp_p_self_action_press: 0.32
  endofexp_self_rating_neg: 0.9472507181358365
  endofexp_self_rating_pos: 0.00036618591764593693
  endofexp_self_rating_zero: 0.052383095946517466
