results:
  endofexp_other_rating_neg: 0.7811791846090184
  endofexp_other_rating_pos: 0.013189701367396505
  endofexp_other_rating_zero: 0.2056311140235852
  endofexp_p_self_action_press: 0.08
  endofexp_self_rating_neg: 0.711002895464273
  endofexp_self_rating_pos: 0.0051329393162932975
  endofexp_self_rating_zero: 0.28386416521943375
