results:
  endofexp_other_rating_neg: 0.05979419886625226
  endofexp_other_rating_pos: 0.48175477258443566
  endofexp_other_rating_zero: 0.458451028549312
  endofexp_p_self_action_press: 0.6
  endofexp_self_rating_neg: 0.00042790372846440993
  endofexp_self_rating_pos: 0.9580521163208338
  endofexp_self_rating_zero: 0.041519979950701905
