results:
  endofexp_other_rating_neg: 0.39276435205404175
  endofexp_other_rating_pos: 0.13076253964816087
  endofexp_other_rating_zero: 0.47647310829779743
  endofexp_p_self_action_press: 0.6
  endofexp_self_rating_neg: 8.260339592487866e-06
  endofexp_self_rating_pos: 0.9879730199385934
  endofexp_self_rating_zero: 0.012018719721814165
