results:
  endofexp_other_rating_neg: 0.9460591152380112
  endofexp_other_rating_pos: 0.00043036033220880904
  endofexp_other_rating_zero: 0.053510524429780014
  endofexp_p_self_action_press: 0.88
  endofexp_self_rating_neg: 0.033899046846770635
  endofexp_self_rating_pos: 0.6358375299251781
  endofexp_self_rating_zero: 0.3302634232280514
