results:
  endofexp_other_rating_neg: 0.39812924509876313
  endofexp_other_rating_pos: 0.11280098877737475
  endofexp_other_rating_zero: 0.48906976612386205
  endofexp_p_self_action_press: 0.32
  endofexp_self_rating_neg: 0.976655192841421
  endofexp_self_rating_pos: 0.00018164535918770708
  endofexp_self_rating_zero: 0.023163161799391367
