results:
  endofexp_other_rating_neg: 0.30958557454073116
  endofexp_other_rating_pos: 0.30460906604025323
  endofexp_other_rating_zero: 0.3858053594190155
  endofexp_p_self_action_press: 0.48
  endofexp_self_rating_neg: 0.13171754716944736
  endofexp_self_rating_pos: 0.5720792567941595
  endofexp_self_rating_zero: 0.2962031960363932
