results:
  endofexp_other_rating_neg: 0.9348357591875649
  endofexp_other_rating_pos: 0.0008460143148359697
  endofexp_other_rating_zero: 0.06431822649759916
  endofexp_p_self_action_press: 0.04
  endofexp_self_rating_neg: 0.49902236738003614
  endofexp_self_rating_pos: 0.09864429555323273
  endofexp_self_rating_zero: 0.4023333370667313
