results:
  endofexp_other_rating_neg: 0.020257505437503025
  endofexp_other_rating_pos: 0.668425468801476
  endofexp_other_rating_zero: 0.31131702576102094
  endofexp_p_self_action_press: 0.28
  endofexp_self_rating_neg: 0.9543928822198551
  endofexp_self_rating_pos: 0.0005981570610549842
  endofexp_self_rating_zero: 0.04500896071908997
