results:
  endofexp_other_rating_neg: 0.0004919359508547386
  endofexp_other_rating_pos: 0.9597591488276239
  endofexp_other_rating_zero: 0.039748915221521366
  endofexp_p_self_action_press: 0.08
  endofexp_self_rating_neg: 0.3386847109754343
  endofexp_self_rating_pos: 0.20802972036909229
  endofexp_self_rating_zero: 0.4532855686554734
