results:
  endofexp_other_rating_neg: 0.41527680924681604
  endofexp_other_rating_pos: 0.2096309840910511
  endofexp_other_rating_zero: 0.3750922066621327
  endofexp_p_self_action_press: 0.6
  endofexp_self_rating_neg: 0.23611105901216975
  endofexp_self_rating_pos: 0.4019549026455784
  endofexp_self_rating_zero: 0.36193403834225174
