results:
  endofexp_other_rating_neg: 0.35039817591596206
  endofexp_other_rating_pos: 0.29056986047798533
  endofexp_other_rating_zero: 0.35903196360605255
  endofexp_p_self_action_press: 0.44
  endofexp_self_rating_neg: 0.29315251612793164
  endofexp_self_rating_pos: 0.3429741211355102
  endofexp_self_rating_zero: 0.3638733627365582
