results:
  endofexp_other_rating_neg: 0.821534231217287
  endofexp_other_rating_pos: 0.01319062291395412
  endofexp_other_rating_zero: 0.16527514586875902
  endofexp_p_self_action_press: 0.08
  endofexp_self_rating_neg: 0.250099499095764
  endofexp_self_rating_pos: 0.17567568200697764
  endofexp_self_rating_zero: 0.5742248188972583
