results:
  endofexp_other_rating_neg: 0.5040004240123664
  endofexp_other_rating_pos: 0.0602204590913349
  endofexp_other_rating_zero: 0.4357791168962986
  endofexp_p_self_action_press: 0.32
  endofexp_self_rating_neg: 0.9730631464685796
  endofexp_self_rating_pos: 0.00020841690106274816
  endofexp_self_rating_zero: 0.02672843663035768
