results:
  endofexp_other_rating_neg: 0.007758818107832263
  endofexp_other_rating_pos: 0.9222050577543566
  endofexp_other_rating_zero: 0.07003612413781127
  endofexp_p_self_action_press: 0.08
  endofexp_self_rating_neg: 0.015467157957325648
  endofexp_self_rating_pos: 0.779334798677562
  endofexp_self_rating_zero: 0.2051980433651124
