results:
  endofexp_other_rating_neg: 0.5520472767679017
  endofexp_other_rating_pos: 0.0426105926888897
  endofexp_other_rating_zero: 0.4053421305432086
  endofexp_p_self_action_press: 0.6
  endofexp_self_rating_neg: 2.6957190272298656e-05
  endofexp_self_rating_pos: 0.9737581098009219
  endofexp_self_rating_zero: 0.026214933008805803
