results:
  endofexp_other_rating_neg: 0.29134201360512924
  endofexp_other_rating_pos: 0.31127910388340163
  endofexp_other_rating_zero: 0.397378882511469
  endofexp_p_self_action_press: 0.48
  endofexp_self_rating_neg: 0.21466937808611022
  endofexp_self_rating_pos: 0.4585736760268872
  endofexp_self_rating_zero: 0.32675694588700255
