results:
  endofexp_other_rating_neg: 0.8280556432991969
  endofexp_other_rating_pos: 0.0019469397507133298
  endofexp_other_rating_zero: 0.1699974169500898
  endofexp_p_self_action_press: 0.12
  endofexp_self_rating_neg: 0.1449860676139178
  endofexp_self_rating_pos: 0.13402589629056252
  endofexp_self_rating_zero: 0.7209880360955198
