results:
  endofexp_other_rating_neg: 0.9945150705067258
  endofexp_other_rating_pos: 5.9872472371453766e-05
  endofexp_other_rating_zero: 0.005425057020902903
  endofexp_p_self_action_press: 0.12
  endofexp_self_rating_neg: 0.4631023363355521
  endofexp_self_rating_pos: 0.015695119628489226
  endofexp_self_rating_zero: 0.5212025440359586
