results:
  endofexp_other_rating_neg: 0.28988422193140345
  endofexp_other_rating_pos: 0.349182902241749
  endofexp_other_rating_zero: 0.3609328758268475
  endofexp_p_self_action_press: 0.44
  endofexp_self_rating_neg: 0.3398144268063552
  endofexp_self_rating_pos: 0.3063831104366915
  endofexp_self_rating_zero: 0.35380246275695326
