results:
  endofexp_other_rating_neg: 0.4175332656303837
  endofexp_other_rating_pos: 0.21357440099986771
  endofexp_other_rating_zero: 0.3688923333697487
  endofexp_p_self_action_press: 0.48
  endofexp_self_rating_neg: 0.20582561843514247
  endofexp_self_rating_pos: 0.386994978466138
  endofexp_self_rating_zero: 0.4071794030987196
