results:
  endofexp_other_rating_neg: 0.9161588695191649
  endofexp_other_rating_pos: 0.00037533439214574465
  endofexp_other_rating_zero: 0.08346579608868923
  endofexp_p_self_action_press: 0.08
  endofexp_self_rating_neg: 0.2739039570878467
  endofexp_self_rating_pos: 0.15069754762950596
  endofexp_self_rating_zero: 0.5753984952826474
