results:
  endofexp_other_rating_neg: 0.2625462368215131
  endofexp_other_rating_pos: 0.3382278641984853
  endofexp_other_rating_zero: 0.39922589898000166
  endofexp_p_self_action_press: 0.32
  endofexp_self_rating_neg: 0.2711360284091507
  endofexp_self_rating_pos: 0.3332460851476901
  endofexp_self_rating_zero: 0.3956178864431591
