results:
  endofexp_other_rating_neg: 0.7528064093636331
  endofexp_other_rating_pos: 0.029500013795553216
  endofexp_other_rating_zero: 0.21769357684081372
  endofexp_p_self_action_press: 0.12
  endofexp_self_rating_neg: 0.7024815743146627
  endofexp_self_rating_pos: 0.005735798738180538
  endofexp_self_rating_zero: 0.2917826269471567
