results:
  endofexp_other_rating_neg: 0.13007795918893708
  endofexp_other_rating_pos: 0.3700619202793021
  endofexp_other_rating_zero: 0.4998601205317609
  endofexp_p_self_action_press: 0.6
  endofexp_self_rating_neg: 0.0002510588525659473
  endofexp_self_rating_pos: 0.9729002903097832
  endofexp_self_rating_zero: 0.026848650837650742
