results:
  endofexp_other_rating_neg: 0.23753681189378875
  endofexp_other_rating_pos: 0.15086333312591882
  endofexp_other_rating_zero: 0.6115998549802923
  endofexp_p_self_action_press: 0.28
  endofexp_self_rating_neg: 0.9564175676307979
  endofexp_self_rating_pos: 0.00022242559608775392
  endofexp_self_rating_zero: 0.043360006773114364
