results:
  endofexp_other_rating_neg: 0.8201938660592043
  endofexp_other_rating_pos: 0.014044959103617846
  endofexp_other_rating_zero: 0.16576117483717795
  endofexp_p_self_action_press: 0.12
  endofexp_self_rating_neg: 0.21993637980849196
  endofexp_self_rating_pos: 0.20776169826485555
  endofexp_self_rating_zero: 0.5723019219266525
