results:
  endofexp_other_rating_neg: 0.35745253069292793
  endofexp_other_rating_pos: 0.2987534099779473
  endofexp_other_rating_zero: 0.3437940593291248
  endofexp_p_self_action_press: 0.44
  endofexp_self_rating_neg: 0.507128226389955
  endofexp_self_rating_pos: 0.12540381042621046
  endofexp_self_rating_zero: 0.3674679631838345
