results:
  endofexp_other_rating_neg: 0.9535675566833363
  endofexp_other_rating_pos: 0.0004115583195388361
  endofexp_other_rating_zero: 0.04602088499712486
  endofexp_p_self_action_press: 0.08
  endofexp_self_rating_neg: 0.43780571448207767
  endofexp_self_rating_pos: 0.1350731748159175
  endofexp_self_rating_zero: 0.42712111070200487
