results:
  endofexp_other_rating_neg: 0.01315300051226569
  endofexp_other_rating_pos: 0.821153984415195
  endofexp_other_rating_zero: 0.1656930150725393
  endofexp_p_self_action_press: 0.08
  endofexp_self_rating_neg: 0.43281965474749695
  endofexp_self_rating_pos: 0.07017467513465718
  endofexp_self_rating_zero: 0.49700567011784574
