results:
  endofexp_other_rating_neg: 0.10236937313049047
  endofexp_other_rating_pos: 0.6022839425728599
  endofexp_other_rating_zero: 0.2953466842966497
  endofexp_p_self_action_press: 0.96
  endofexp_self_rating_neg: 0.24109448773920433
  endofexp_self_rating_pos: 0.4078977625669554
  endofexp_self_rating_zero: 0.35100774969384035
