results:
  endofexp_other_rating_neg: 0.9477838419040227
  endofexp_other_rating_pos: 0.0005045225780332135
  endofexp_other_rating_zero: 0.05171163551794413
  endofexp_p_self_action_press: 0.08
  endofexp_self_rating_neg: 0.4588560830966113
  endofexp_self_rating_pos: 0.12555639900953988
  endofexp_self_rating_zero: 0.41558751789384885
