results:
  endofexp_other_rating_neg: 0.0093210561967366
  endofexp_other_rating_pos: 0.9137547024454145
  endofexp_other_rating_zero: 0.07692424135784882
  endofexp_p_self_action_press: 0.08
  endofexp_self_rating_neg: 0.006927966485957342
  endofexp_self_rating_pos: 0.8469331313591821
  endofexp_self_rating_zero: 0.1461389021548605
