results:
  endofexp_other_rating_neg: 0.9549055200310729
  endofexp_other_rating_pos: 0.0003820009030847635
  endofexp_other_rating_zero: 0.04471247906584227
  endofexp_p_self_action_press: 0.08
  endofexp_self_rating_neg: 0.18166090891849848
  endofexp_self_rating_pos: 0.3666219986166808
  endofexp_self_rating_zero: 0.45171709246482067
