results:
  endofexp_other_rating_neg: 0.1271285519533535
  endofexp_other_rating_pos: 0.3855315145619961
  endofexp_other_rating_zero: 0.48733993348465054
  endofexp_p_self_action_press: 0.32
  endofexp_self_rating_neg: 0.9698052886210269
  endofexp_self_rating_pos: 0.00030662073470509647
  endofexp_self_rating_zero: 0.02988809064426809
