results:
  endofexp_other_rating_neg: 0.0005406827281003915
  endofexp_other_rating_pos: 0.9524970178865476
  endofexp_other_rating_zero: 0.046962299385352096
  endofexp_p_self_action_press: 0.08
  endofexp_self_rating_neg: 0.4402786411572955
  endofexp_self_rating_pos: 0.12297717281638408
  endofexp_self_rating_zero: 0.4367441860263204
