results:
  endofexp_other_rating_neg: 5.8023214801796545e-05
  endofexp_other_rating_pos: 0.9554833579529605
  endofexp_other_rating_zero: 0.04445861883223778
  endofexp_p_self_action_press: 0.88
  endofexp_self_rating_neg: 0.045642567565369406
  endofexp_self_rating_pos: 0.47063548011334666
  endofexp_self_rating_zero: 0.48372195232128395
