results:
  endofexp_other_rating_neg: 0.7414873262788034
  endofexp_other_rating_pos: 0.03770852330857811
  endofexp_other_rating_zero: 0.22080415041261853
  endofexp_p_self_action_press: 0.2
  endofexp_self_rating_neg: 0.5621117380802207
  endofexp_self_rating_pos: 0.10026571815239584
  endofexp_self_rating_zero: 0.33762254376738343
