results:
  endofexp_other_rating_neg: 0.33503748054727067
  endofexp_other_rating_pos: 0.30323653823022445
  endofexp_other_rating_zero: 0.3617259812225049
  endofexp_p_self_action_press: 0.56
  endofexp_self_rating_neg: 0.28810292247106056
  endofexp_self_rating_pos: 0.32553581690757477
  endofexp_self_rating_zero: 0.38636126062136467
