results:
  endofexp_other_rating_neg: 0.8086971198737511
  endofexp_other_rating_pos: 0.005657686081409807
  endofexp_other_rating_zero: 0.18564519404483912
  endofexp_p_self_action_press: 0.08
  endofexp_self_rating_neg: 0.38990206898408986
  endofexp_self_rating_pos: 0.033941090873848334
  endofexp_self_rating_zero: 0.5761568401420617
