results:
  endofexp_other_rating_neg: 0.00016986864098283682
  endofexp_other_rating_pos: 0.961482823738301
  endofexp_other_rating_zero: 0.038347307620716184
  endofexp_p_self_action_press: 0.08
  endofexp_self_rating_neg: 0.17320483528633354
  endofexp_self_rating_pos: 0.36855634082478933
  endofexp_self_rating_zero: 0.4582388238888771
