results:
  endofexp_other_rating_neg: 0.553364258874053
  endofexp_other_rating_pos: 0.041153689363179646
  endofexp_other_rating_zero: 0.4054820517627673
  endofexp_p_self_action_press: 0.6
  endofexp_self_rating_neg: 0.0006368763594772638
  endofexp_self_rating_pos: 0.9516924903437229
  endofexp_self_rating_zero: 0.0476706332967999
