results:
  endofexp_other_rating_neg: 0.3868508529206185
  endofexp_other_rating_pos: 0.12865195264339052
  endofexp_other_rating_zero: 0.484497194435991
  endofexp_p_self_action_press: 0.64
  endofexp_self_rating_neg: 0.00019522297721753475
  endofexp_self_rating_pos: 0.973511227784288
  endofexp_self_rating_zero: 0.02629354923849444
