results:
  endofexp_other_rating_neg: 0.0914836655075513
  endofexp_other_rating_pos: 0.45948139368128704
  endofexp_other_rating_zero: 0.44903494081116174
  endofexp_p_self_action_press: 0.32
  endofexp_self_rating_neg: 0.9774431507504424
  endofexp_self_rating_pos: 0.00021694542367076976
  endofexp_self_rating_zero: 0.02233990382588685
