results:
  endofexp_other_rating_neg: 0.4242966270622304
  endofexp_other_rating_pos: 0.10033285908913471
  endofexp_other_rating_zero: 0.4753705138486349
  endofexp_p_self_action_press: 0.6
  endofexp_self_rating_neg: 0.0002442863108848243
  endofexp_self_rating_pos: 0.9722293973474655
  endofexp_self_rating_zero: 0.02752631634164964
