results:
  endofexp_other_rating_neg: 0.20397698297421382
  endofexp_other_rating_pos: 0.24926649755524077
  endofexp_other_rating_zero: 0.5467565194705454
  endofexp_p_self_action_press: 0.64
  endofexp_self_rating_neg: 0.00017631992704288755
  endofexp_self_rating_pos: 0.9760150736621355
  endofexp_self_rating_zero: 0.023808606410821796
