results:
  endofexp_other_rating_neg: 0.0006416639613682615
  endofexp_other_rating_pos: 0.9467523523442518
  endofexp_other_rating_zero: 0.05260598369437997
  endofexp_p_self_action_press: 0.04
  endofexp_self_rating_neg: 0.5636908864797928
  endofexp_self_rating_pos: 0.08554236023514875
  endofexp_self_rating_zero: 0.3507667532850583
