results:
  endofexp_other_rating_neg: 0.4481886761266733
  endofexp_other_rating_pos: 0.11755051293130145
  endofexp_other_rating_zero: 0.4342608109420254
  endofexp_p_self_action_press: 0.28
  endofexp_self_rating_neg: 0.9804825839916079
  endofexp_self_rating_pos: 0.0001313470285437402
  endofexp_self_rating_zero: 0.019386068979848348
