results:
  endofexp_other_rating_neg: 0.9515231719255101
  endofexp_other_rating_pos: 0.0003406575717425862
  endofexp_other_rating_zero: 0.04813617050274735
  endofexp_p_self_action_press: 0.88
  endofexp_self_rating_neg: 0.046419697283258864
  endofexp_self_rating_pos: 0.6026237239849552
  endofexp_self_rating_zero: 0.3509565787317859
