results:
  endofexp_other_rating_neg: 0.3145992965561786
  endofexp_other_rating_pos: 0.13267383262009733
  endofexp_other_rating_zero: 0.5527268708237241
  endofexp_p_self_action_press: 0.64
  endofexp_self_rating_neg: 8.517358620465385e-05
  endofexp_self_rating_pos: 0.9741073648876362
  endofexp_self_rating_zero: 0.025807461526158995
