results:
  endofexp_other_rating_neg: 0.9567017179479773
  endofexp_other_rating_pos: 0.00024132632978166371
  endofexp_other_rating_zero: 0.043056955722241136
  endofexp_p_self_action_press: 0.08
  endofexp_self_rating_neg: 0.25302734823859435
  endofexp_self_rating_pos: 0.2798398543745803
  endofexp_self_rating_zero: 0.46713279738682534
