results:
  endofexp_other_rating_neg: 0.1490250297763577
  endofexp_other_rating_pos: 0.24199485950404875
  endofexp_other_rating_zero: 0.6089801107195935
  endofexp_p_self_action_press: 0.32
  endofexp_self_rating_neg: 0.9680522940059968
  endofexp_self_rating_pos: 0.00015033220808543155
  endofexp_self_rating_zero: 0.03179737378591768
