results:
  endofexp_other_rating_neg: 0.14446430518964268
  endofexp_other_rating_pos: 0.25741682634336127
  endofexp_other_rating_zero: 0.598118868466996
  endofexp_p_self_action_press: 0.28
  endofexp_self_rating_neg: 0.9532203093332733
  endofexp_self_rating_pos: 0.00023052240719764286
  endofexp_self_rating_zero: 0.046549168259529115
