results:
  endofexp_other_rating_neg: 0.7651419866670763
  endofexp_other_rating_pos: 0.019064640627133155
  endofexp_other_rating_zero: 0.21579337270579046
  endofexp_p_self_action_press: 0.08
  endofexp_self_rating_neg: 0.7592904654113025
  endofexp_self_rating_pos: 0.0030982456471468607
  endofexp_self_rating_zero: 0.2376112889415505
