results:
  endofexp_other_rating_neg: 0.9223868042995887
  endofexp_other_rating_pos: 0.0006471130421771158
  endofexp_other_rating_zero: 0.07696608265823421
  endofexp_p_self_action_press: 0.08
  endofexp_self_rating_neg: 0.43942648665388134
  endofexp_self_rating_pos: 0.09441762777381016
  endofexp_self_rating_zero: 0.46615588557230847
