results:
  endofexp_other_rating_neg: 0.43085457084544837
  endofexp_other_rating_pos: 0.20866409058180746
  endofexp_other_rating_zero: 0.36048133857274417
  endofexp_p_self_action_press: 0.44
  endofexp_self_rating_neg: 0.5161533038947161
  endofexp_self_rating_pos: 0.15036844408083178
  endofexp_self_rating_zero: 0.333478252024452
