results:
  endofexp_other_rating_neg: 0.30004849728062877
  endofexp_other_rating_pos: 0.3160185055116862
  endofexp_other_rating_zero: 0.3839329972076851
  endofexp_p_self_action_press: 0.48
  endofexp_self_rating_neg: 0.4958653317053467
  endofexp_self_rating_pos: 0.16634900302297895
  endofexp_self_rating_zero: 0.33778566527167436
