results:
  endofexp_other_rating_neg: 0.05845247566785146
  endofexp_other_rating_pos: 0.6790445885142126
  endofexp_other_rating_zero: 0.26250293581793593
  endofexp_p_self_action_press: 0.04
  endofexp_self_rating_neg: 0.3708744509016097
  endofexp_self_rating_pos: 0.2643625614647564
  endofexp_self_rating_zero: 0.3647629876336339
