results:
  endofexp_other_rating_neg: 0.000788845171324998
  endofexp_other_rating_pos: 0.9349972896930232
  endofexp_other_rating_zero: 0.06421386513565193
  endofexp_p_self_action_press: 0.08
  endofexp_self_rating_neg: 0.07075000362159158
  endofexp_self_rating_pos: 0.5516391818020799
  endofexp_self_rating_zero: 0.37761081457632856
