results:
  endofexp_other_rating_neg: 0.5618242245016689
  endofexp_other_rating_pos: 0.05449831188725246
  endofexp_other_rating_zero: 0.3836774636110786
  endofexp_p_self_action_press: 0.28
  endofexp_self_rating_neg: 0.965222624701105
  endofexp_self_rating_pos: 0.0005657849514852505
  endofexp_self_rating_zero: 0.03421159034740987
