results:
  endofexp_other_rating_neg: 0.00048126170305768436
  endofexp_other_rating_pos: 0.9498526387849736
  endofexp_other_rating_zero: 0.04966609951196879
  endofexp_p_self_action_press: 0.08
  endofexp_self_rating_neg: 0.48303397018934785
  endofexp_self_rating_pos: 0.10755178819924406
  endofexp_self_rating_zero: 0.40941424161140827
