results:
  endofexp_other_rating_neg: 0.00046477205514602437
  endofexp_other_rating_pos: 0.9437608701622326
  endofexp_other_rating_zero: 0.05577435778262122
  endofexp_p_self_action_press: 0.04
  endofexp_self_rating_neg: 0.5933237245116127
  endofexp_self_rating_pos: 0.06101394583831274
  endofexp_self_rating_zero: 0.3456623296500746
