results:
  endofexp_other_rating_neg: 0.0002056167620279781
  endofexp_other_rating_pos: 0.962902487200423
  endofexp_other_rating_zero: 0.03689189603754894
  endofexp_p_self_action_press: 0.08
  endofexp_self_rating_neg: 0.22783993802266417
  endofexp_self_rating_pos: 0.29121929385852735
  endofexp_self_rating_zero: 0.4809407681188084
