results:
  endofexp_other_rating_neg: 0.5113419618216116
  endofexp_other_rating_pos: 0.16524377431578885
  endofexp_other_rating_zero: 0.32341426386259964
  endofexp_p_self_action_press: 0.48
  endofexp_self_rating_neg: 0.1671844717312836
  endofexp_self_rating_pos: 0.44316087409590754
  endofexp_self_rating_zero: 0.389654654172809
