results:
  endofexp_other_rating_neg: 0.00029508976083275206
  endofexp_other_rating_pos: 0.9473118676972021
  endofexp_other_rating_zero: 0.05239304254196503
  endofexp_p_self_action_press: 0.08
  endofexp_self_rating_neg: 0.6054103695885125
  endofexp_self_rating_pos: 0.051696934964119826
  endofexp_self_rating_zero: 0.3428926954473676
