results:
  endofexp_other_rating_neg: 0.255592194257955
  endofexp_other_rating_pos: 0.42328862175276494
  endofexp_other_rating_zero: 0.3211191839892801
  endofexp_p_self_action_press: 0.32
  endofexp_self_rating_neg: 0.9943697935097662
  endofexp_self_rating_pos: 2.386521337996455e-05
  endofexp_self_rating_zero: 0.005606341276853856
