results:
  endofexp_other_rating_neg: 0.3956309660805951
  endofexp_other_rating_pos: 0.23561743486308756
  endofexp_other_rating_zero: 0.3687515990563173
  endofexp_p_self_action_press: 0.48
  endofexp_self_rating_neg: 0.23104243513063494
  endofexp_self_rating_pos: 0.3646659286376545
  endofexp_self_rating_zero: 0.40429163623171044
