results:
  endofexp_other_rating_neg: 0.396275216917546
  endofexp_other_rating_pos: 0.13825564442194857
  endofexp_other_rating_zero: 0.4654691386605055
  endofexp_p_self_action_press: 0.64
  endofexp_self_rating_neg: 1.0853385856699935e-05
  endofexp_self_rating_pos: 0.9886949253955579
  endofexp_self_rating_zero: 0.011294221218585383
