results:
  endofexp_other_rating_neg: 0.00046758953514846886
  endofexp_other_rating_pos: 0.9516167132481136
  endofexp_other_rating_zero: 0.047915697216737975
  endofexp_p_self_action_press: 0.08
  endofexp_self_rating_neg: 0.14280675417773417
  endofexp_self_rating_pos: 0.4209921185783814
  endofexp_self_rating_zero: 0.4362011272438844
