results:
  endofexp_other_rating_neg: 0.41859449792882514
  endofexp_other_rating_pos: 0.2394157733517935
  endofexp_other_rating_zero: 0.34198972871938144
  endofexp_p_self_action_press: 0.28
  endofexp_self_rating_neg: 0.9811388459671774
  endofexp_self_rating_pos: 9.767581359082023e-05
  endofexp_self_rating_zero: 0.018763478219231817
