results:
  endofexp_other_rating_neg: 0.33235028267485195
  endofexp_other_rating_pos: 0.2674656034921401
  endofexp_other_rating_zero: 0.400184113833008
  endofexp_p_self_action_press: 0.44
  endofexp_self_rating_neg: 0.3791978869065225
  endofexp_self_rating_pos: 0.2677118169813289
  endofexp_self_rating_zero: 0.35309029611214854
