results:
  endofexp_other_rating_neg: 0.24969639448474354
  endofexp_other_rating_pos: 0.40010652937149965
  endofexp_other_rating_zero: 0.3501970761437568
  endofexp_p_self_action_press: 0.52
  endofexp_self_rating_neg: 5.671968070599134e-06
  endofexp_self_rating_pos: 0.9945712281550843
  endofexp_self_rating_zero: 0.005423099876845113
