results:
  endofexp_other_rating_neg: 0.305329882262571
  endofexp_other_rating_pos: 0.32245398884399423
  endofexp_other_rating_zero: 0.37221612889343486
  endofexp_p_self_action_press: 0.44
  endofexp_self_rating_neg: 0.4096674416338393
  endofexp_self_rating_pos: 0.20417326339974154
  endofexp_self_rating_zero: 0.3861592949664191
