results:
  endofexp_other_rating_neg: 0.0001652266621352404
  endofexp_other_rating_pos: 0.956472862442246
  endofexp_other_rating_zero: 0.04336191089561863
  endofexp_p_self_action_press: 0.12
  endofexp_self_rating_neg: 0.17459770583232606
  endofexp_self_rating_pos: 0.29758755242515095
  endofexp_self_rating_zero: 0.527814741742523
