results:
  endofexp_other_rating_neg: 0.028760941548766315
  endofexp_other_rating_pos: 0.6235142617532564
  endofexp_other_rating_zero: 0.34772479669797735
  endofexp_p_self_action_press: 0.32
  endofexp_self_rating_neg: 0.9597680529554923
  endofexp_self_rating_pos: 0.0004635962625298748
  endofexp_self_rating_zero: 0.039768350781977796
