results:
  endofexp_other_rating_neg: 0.3874578305425137
  endofexp_other_rating_pos: 0.26803703855303557
  endofexp_other_rating_zero: 0.3445051309044507
  endofexp_p_self_action_press: 0.48
  endofexp_self_rating_neg: 0.3306695457388903
  endofexp_self_rating_pos: 0.32058610185565733
  endofexp_self_rating_zero: 0.3487443524054523
