results:
  endofexp_other_rating_neg: 0.20376588230611006
  endofexp_other_rating_pos: 0.2939623432267493
  endofexp_other_rating_zero: 0.5022717744671407
  endofexp_p_self_action_press: 0.28
  endofexp_self_rating_neg: 0.9680191203006479
  endofexp_self_rating_pos: 0.00029135494343165616
  endofexp_self_rating_zero: 0.03168952475592056
