results:
  endofexp_other_rating_neg: 0.8126463186495848
  endofexp_other_rating_pos: 0.00707357751804566
  endofexp_other_rating_zero: 0.1802801038323697
  endofexp_p_self_action_press: 0.08
  endofexp_self_rating_neg: 0.425594324878056
  endofexp_self_rating_pos: 0.04253528557853504
  endofexp_self_rating_zero: 0.5318703895434089
