results:
  endofexp_other_rating_neg: 0.0004952694022764327
  endofexp_other_rating_pos: 0.9493568365404871
  endofexp_other_rating_zero: 0.05014789405723662
  endofexp_p_self_action_press: 0.08
  endofexp_self_rating_neg: 0.15883178235242557
  endofexp_self_rating_pos: 0.4047788563416435
  endofexp_self_rating_zero: 0.43638936130593103
