results:
  endofexp_other_rating_neg: 0.33296697967231004
  endofexp_other_rating_pos: 0.16024409026612021
  endofexp_other_rating_zero: 0.5067889300615698
  endofexp_p_self_action_press: 0.44
  endofexp_self_rating_neg: 0.37219134467238024
  endofexp_self_rating_pos: 0.3006731944144964
  endofexp_self_rating_zero: 0.3271354609131233
