results:
  endofexp_other_rating_neg: 0.27277916851797523
  endofexp_other_rating_pos: 0.13120766729317956
  endofexp_other_rating_zero: 0.5960131641888453
  endofexp_p_self_action_press: 0.28
  endofexp_self_rating_neg: 0.962295250483517
  endofexp_self_rating_pos: 0.00015737398292654017
  endofexp_self_rating_zero: 0.037547375533556374
