results:
  endofexp_other_rating_neg: 0.00042094215395156736
  endofexp_other_rating_pos: 0.9553031545105921
  endofexp_other_rating_zero: 0.04427590333545637
  endofexp_p_self_action_press: 0.08
  endofexp_self_rating_neg: 0.2697907190581365
  endofexp_self_rating_pos: 0.2579585766933948
  endofexp_self_rating_zero: 0.47225070424846877
