results:
  endofexp_other_rating_neg: 0.3347695561210505
  endofexp_other_rating_pos: 0.2759554742063486
  endofexp_other_rating_zero: 0.38927496967260095
  endofexp_p_self_action_press: 0.68
  endofexp_self_rating_neg: 0.026675450943057184
  endofexp_self_rating_pos: 0.7683869983011381
  endofexp_self_rating_zero: 0.20493755075580472
