results:
  endofexp_other_rating_neg: 0.2760213879829853
  endofexp_other_rating_pos: 0.3516738953220741
  endofexp_other_rating_zero: 0.37230471669494064
  endofexp_p_self_action_press: 0.48
  endofexp_self_rating_neg: 0.442145331913591
  endofexp_self_rating_pos: 0.2060565957820197
  endofexp_self_rating_zero: 0.3517980723043892
