results:
  endofexp_other_rating_neg: 0.7980280638200077
  endofexp_other_rating_pos: 0.007622613076735225
  endofexp_other_rating_zero: 0.194349323103257
  endofexp_p_self_action_press: 0.08
  endofexp_self_rating_neg: 0.6054760633472266
  endofexp_self_rating_pos: 0.010508583471279502
  endofexp_self_rating_zero: 0.38401535318149393
