results:
  endofexp_other_rating_neg: 0.0003880369355634614
  endofexp_other_rating_pos: 0.9581474757202681
  endofexp_other_rating_zero: 0.04146448734416833
  endofexp_p_self_action_press: 0.08
  endofexp_self_rating_neg: 0.18574933156315435
  endofexp_self_rating_pos: 0.35008230351284697
  endofexp_self_rating_zero: 0.46416836492399877
