results:
  endofexp_other_rating_neg: 0.3738387028269929
  endofexp_other_rating_pos: 0.2870702763107831
  endofexp_other_rating_zero: 0.33909102086222415
  endofexp_p_self_action_press: 0.48
  endofexp_self_rating_neg: 0.3302646219368371
  endofexp_self_rating_pos: 0.3503345172382118
  endofexp_self_rating_zero: 0.3194008608249511
