results:
  endofexp_other_rating_neg: 0.41174026490886595
  endofexp_other_rating_pos: 0.22976672208338217
  endofexp_other_rating_zero: 0.3584930130077518
  endofexp_p_self_action_press: 0.52
  endofexp_self_rating_neg: 0.052090718988597004
  endofexp_self_rating_pos: 0.5627942301434847
  endofexp_self_rating_zero: 0.3851150508679183
