results:
  endofexp_other_rating_neg: 0.1863179508632085
  endofexp_other_rating_pos: 0.3008145076215909
  endofexp_other_rating_zero: 0.5128675415152006
  endofexp_p_self_action_press: 0.32
  endofexp_self_rating_neg: 0.9736007571775347
  endofexp_self_rating_pos: 0.000229117077508578
  endofexp_self_rating_zero: 0.026170125744956783
