results:
  endofexp_other_rating_neg: 0.009502794999160683
  endofexp_other_rating_pos: 0.9163871983090532
  endofexp_other_rating_zero: 0.07411000669178587
  endofexp_p_self_action_press: 0.08
  endofexp_self_rating_neg: 0.00988227253248218
  endofexp_self_rating_pos: 0.8082939886121357
  endofexp_self_rating_zero: 0.1818237388553822
