results:
  endofexp_other_rating_neg: 0.00046829100231305835
  endofexp_other_rating_pos: 0.9519310105066011
  endofexp_other_rating_zero: 0.04760069849108581
  endofexp_p_self_action_press: 0.08
  endofexp_self_rating_neg: 0.1481170283465186
  endofexp_self_rating_pos: 0.4141142872023681
  endofexp_self_rating_zero: 0.43776868445111333
