results:
  endofexp_other_rating_neg: 0.9573218568848479
  endofexp_other_rating_pos: 0.00019291774335278175
  endofexp_other_rating_zero: 0.04248522537179924
  endofexp_p_self_action_press: 0.12
  endofexp_self_rating_neg: 0.1735089909919753
  endofexp_self_rating_pos: 0.2986931824530295
  endofexp_self_rating_zero: 0.5277978265549952
