results:
  endofexp_other_rating_neg: 0.35279412376473046
  endofexp_other_rating_pos: 0.1503749085481342
  endofexp_other_rating_zero: 0.4968309676871353
  endofexp_p_self_action_press: 0.32
  endofexp_self_rating_neg: 0.9690987905901921
  endofexp_self_rating_pos: 0.0003286991298917085
  endofexp_self_rating_zero: 0.030572510279916164
