results:
  endofexp_other_rating_neg: 0.0005738533096238329
  endofexp_other_rating_pos: 0.9452755436313228
  endofexp_other_rating_zero: 0.05415060305905337
  endofexp_p_self_action_press: 0.08
  endofexp_self_rating_neg: 0.5255663120716743
  endofexp_self_rating_pos: 0.08370500146156716
  endofexp_self_rating_zero: 0.39072868646675857
