results:
  endofexp_other_rating_neg: 0.3810249175251213
  endofexp_other_rating_pos: 0.2474251781261531
  endofexp_other_rating_zero: 0.37154990434872565
  endofexp_p_self_action_press: 0.4
  endofexp_self_rating_neg: 0.41502651913484295
  endofexp_self_rating_pos: 0.23836562900061614
  endofexp_self_rating_zero: 0.34660785186454096
