results:
  endofexp_other_rating_neg: 0.00024289370406609895
  endofexp_other_rating_pos: 0.9530120086854306
  endofexp_other_rating_zero: 0.046745097610503376
  endofexp_p_self_action_press: 0.08
  endofexp_self_rating_neg: 0.15747148760956733
  endofexp_self_rating_pos: 0.33864800262660305
  endofexp_self_rating_zero: 0.5038805097638296
