results:
  endofexp_other_rating_neg: 0.0002754684200587198
  endofexp_other_rating_pos: 0.947282561932642
  endofexp_other_rating_zero: 0.05244196964729925
  endofexp_p_self_action_press: 0.08
  endofexp_self_rating_neg: 0.1572652455232418
  endofexp_self_rating_pos: 0.3280654532938011
  endofexp_self_rating_zero: 0.5146693011829571
