results:
  endofexp_other_rating_neg: 0.14715488845841912
  endofexp_other_rating_pos: 0.2311702344712055
  endofexp_other_rating_zero: 0.6216748770703754
  endofexp_p_self_action_press: 0.28
  endofexp_self_rating_neg: 0.957612053767471
  endofexp_self_rating_pos: 0.00017230316131114048
  endofexp_self_rating_zero: 0.042215643071217786
