results:
  endofexp_other_rating_neg: 0.3414048159104237
  endofexp_other_rating_pos: 0.08651186243017475
  endofexp_other_rating_zero: 0.5720833216594015
  endofexp_p_self_action_press: 0.28
  endofexp_self_rating_neg: 0.9595504819200307
  endofexp_self_rating_pos: 0.00012794204792565176
  endofexp_self_rating_zero: 0.04032157603204359
