results:
  endofexp_other_rating_neg: 0.2525884575358287
  endofexp_other_rating_pos: 0.418819418714207
  endofexp_other_rating_zero: 0.32859212374996427
  endofexp_p_self_action_press: 0.48
  endofexp_self_rating_neg: 0.33779091823240537
  endofexp_self_rating_pos: 0.27045524414434197
  endofexp_self_rating_zero: 0.3917538376232528
