results:
  endofexp_other_rating_neg: 0.05869246771006164
  endofexp_other_rating_pos: 0.6789346582698705
  endofexp_other_rating_zero: 0.26237287402006787
  endofexp_p_self_action_press: 0.04
  endofexp_self_rating_neg: 0.257675018884772
  endofexp_self_rating_pos: 0.37905075920913733
  endofexp_self_rating_zero: 0.36327422190609066
