results:
  endofexp_other_rating_neg: 0.05736402281909068
  endofexp_other_rating_pos: 0.6785687522891956
  endofexp_other_rating_zero: 0.2640672248917136
  endofexp_p_self_action_press: 0.04
  endofexp_self_rating_neg: 0.40681863994300854
  endofexp_self_rating_pos: 0.23573427732160931
  endofexp_self_rating_zero: 0.3574470827353821
