results:
  endofexp_other_rating_neg: 0.0004539424110048914
  endofexp_other_rating_pos: 0.9533133024663442
  endofexp_other_rating_zero: 0.04623275512265099
  endofexp_p_self_action_press: 0.08
  endofexp_self_rating_neg: 0.3304269373932191
  endofexp_self_rating_pos: 0.2082463206855562
  endofexp_self_rating_zero: 0.4613267419212248
