results:
  endofexp_other_rating_neg: 0.35904937466115916
  endofexp_other_rating_pos: 0.2636082683144653
  endofexp_other_rating_zero: 0.37734235702437546
  endofexp_p_self_action_press: 0.56
  endofexp_self_rating_neg: 0.3822526228434216
  endofexp_self_rating_pos: 0.24565641870183172
  endofexp_self_rating_zero: 0.3720909584547467
