results:
  endofexp_other_rating_neg: 0.6190283117283758
  endofexp_other_rating_pos: 0.0262112632971351
  endofexp_other_rating_zero: 0.35476042497448906
  endofexp_p_self_action_press: 0.56
  endofexp_self_rating_neg: 0.0006964579334216565
  endofexp_self_rating_pos: 0.9544024903366266
  endofexp_self_rating_zero: 0.04490105172995173
