results:
  endofexp_other_rating_neg: 0.06777287310222489
  endofexp_other_rating_pos: 0.38577259008445985
  endofexp_other_rating_zero: 0.5464545368133154
  endofexp_p_self_action_press: 0.32
  endofexp_self_rating_neg: 0.9516727770455762
  endofexp_self_rating_pos: 0.00026252392079469724
  endofexp_self_rating_zero: 0.0480646990336292
