results:
  endofexp_other_rating_neg: 0.35741273883912633
  endofexp_other_rating_pos: 0.13514316093980436
  endofexp_other_rating_zero: 0.5074441002210693
  endofexp_p_self_action_press: 0.6
  endofexp_self_rating_neg: 0.0001434563774350742
  endofexp_self_rating_pos: 0.978956789758883
  endofexp_self_rating_zero: 0.020899753863681873
