results:
  endofexp_other_rating_neg: 0.27293905131957485
  endofexp_other_rating_pos: 0.3549892641273231
  endofexp_other_rating_zero: 0.3720716845531021
  endofexp_p_self_action_press: 0.8
  endofexp_self_rating_neg: 0.059017494006886106
  endofexp_self_rating_pos: 0.6855513914016628
  endofexp_self_rating_zero: 0.2554311145914512
