results:
  endofexp_other_rating_neg: 0.46288075486503216
  endofexp_other_rating_pos: 0.09923288767364259
  endofexp_other_rating_zero: 0.4378863574613252
  endofexp_p_self_action_press: 0.64
  endofexp_self_rating_neg: 1.2986188205219171e-05
  endofexp_self_rating_pos: 0.9881012399774326
  endofexp_self_rating_zero: 0.011885773834362123
