results:
  endofexp_other_rating_neg: 0.32222115029261905
  endofexp_other_rating_pos: 0.21360005350299596
  endofexp_other_rating_zero: 0.46417879620438496
  endofexp_p_self_action_press: 0.32
  endofexp_self_rating_neg: 0.9740144783831824
  endofexp_self_rating_pos: 0.00043963749437944113
  endofexp_self_rating_zero: 0.025545884122438
