results:
  endofexp_other_rating_neg: 0.38807728880281395
  endofexp_other_rating_pos: 0.2411610563149472
  endofexp_other_rating_zero: 0.37076165488223883
  endofexp_p_self_action_press: 0.76
  endofexp_self_rating_neg: 0.07318667879540987
  endofexp_self_rating_pos: 0.6635050824979271
  endofexp_self_rating_zero: 0.26330823870666303
