results:
  endofexp_other_rating_neg: 0.49642211369359207
  endofexp_other_rating_pos: 0.056988970060033964
  endofexp_other_rating_zero: 0.44658891624637387
  endofexp_p_self_action_press: 0.6
  endofexp_self_rating_neg: 0.0001326167354351695
  endofexp_self_rating_pos: 0.9795877186206305
  endofexp_self_rating_zero: 0.02027966464393433
