results:
  endofexp_other_rating_neg: 0.33716373138067757
  endofexp_other_rating_pos: 0.29058883838381333
  endofexp_other_rating_zero: 0.3722474302355091
  endofexp_p_self_action_press: 0.76
  endofexp_self_rating_neg: 0.06011140637670359
  endofexp_self_rating_pos: 0.6861030759911152
  endofexp_self_rating_zero: 0.2537855176321812
