results:
  endofexp_other_rating_neg: 0.0004055315990275223
  endofexp_other_rating_pos: 0.9518646516230216
  endofexp_other_rating_zero: 0.047729816777951
  endofexp_p_self_action_press: 0.08
  endofexp_self_rating_neg: 0.27936699361918627
  endofexp_self_rating_pos: 0.2606742659653307
  endofexp_self_rating_zero: 0.4599587404154831
