results:
  endofexp_other_rating_neg: 0.27755667493475406
  endofexp_other_rating_pos: 0.379920506217042
  endofexp_other_rating_zero: 0.342522818848204
  endofexp_p_self_action_press: 0.48
  endofexp_self_rating_neg: 0.2970507773301748
  endofexp_self_rating_pos: 0.2799242415093492
  endofexp_self_rating_zero: 0.42302498116047593
