results:
  endofexp_other_rating_neg: 0.04848508358274902
  endofexp_other_rating_pos: 0.7096159169538102
  endofexp_other_rating_zero: 0.24189899946344082
  endofexp_p_self_action_press: 0.08
  endofexp_self_rating_neg: 0.8427381492888174
  endofexp_self_rating_pos: 0.0018653150298228564
  endofexp_self_rating_zero: 0.1553965356813598
