results:
  endofexp_other_rating_neg: 0.2696990433180918
  endofexp_other_rating_pos: 0.40049151035389424
  endofexp_other_rating_zero: 0.32980944632801396
  endofexp_p_self_action_press: 0.52
  endofexp_self_rating_neg: 0.377486586053606
  endofexp_self_rating_pos: 0.2763327195265551
  endofexp_self_rating_zero: 0.34618069441983884
