results:
  endofexp_other_rating_neg: 0.8107918496984972
  endofexp_other_rating_pos: 0.014705485152021525
  endofexp_other_rating_zero: 0.17450266514948135
  endofexp_p_self_action_press: 0.88
  endofexp_self_rating_neg: 0.06387758395172255
  endofexp_self_rating_pos: 0.4767479394227772
  endofexp_self_rating_zero: 0.4593744766255004
