results:
  endofexp_other_rating_neg: 0.6688769862648439
  endofexp_other_rating_pos: 0.039302239604591234
  endofexp_other_rating_zero: 0.29182077413056484
  endofexp_p_self_action_press: 0.32
  endofexp_self_rating_neg: 0.3275126120917313
  endofexp_self_rating_pos: 0.3326034040719747
  endofexp_self_rating_zero: 0.33988398383629403
