results:
  endofexp_other_rating_neg: 0.007210518752771759
  endofexp_other_rating_pos: 0.9113210674049047
  endofexp_other_rating_zero: 0.08146841384232346
  endofexp_p_self_action_press: 0.08
  endofexp_self_rating_neg: 0.27968200828871
  endofexp_self_rating_pos: 0.3126028966981421
  endofexp_self_rating_zero: 0.4077150950131479
