results:
  endofexp_other_rating_neg: 0.2242315267764728
  endofexp_other_rating_pos: 0.4298832790729973
  endofexp_other_rating_zero: 0.34588519415052993
  endofexp_p_self_action_press: 0.32
  endofexp_self_rating_neg: 0.9921045748278181
  endofexp_self_rating_pos: 1.2236141170593146e-05
  endofexp_self_rating_zero: 0.007883189031011458
