results:
  endofexp_other_rating_neg: 0.0005268828028162185
  endofexp_other_rating_pos: 0.9376778739299034
  endofexp_other_rating_zero: 0.06179524326728031
  endofexp_p_self_action_press: 0.88
  endofexp_self_rating_neg: 0.01737894226196201
  endofexp_self_rating_pos: 0.7047466858469174
  endofexp_self_rating_zero: 0.2778743718911205
