results:
  endofexp_other_rating_neg: 0.012902907978343274
  endofexp_other_rating_pos: 0.8225857718915178
  endofexp_other_rating_zero: 0.16451132013013892
  endofexp_p_self_action_press: 0.08
  endofexp_self_rating_neg: 0.21461705764731828
  endofexp_self_rating_pos: 0.20772163416833725
  endofexp_self_rating_zero: 0.5776613081843444
