results:
  endofexp_other_rating_neg: 0.42498482389145903
  endofexp_other_rating_pos: 0.11174125051767239
  endofexp_other_rating_zero: 0.4632739255908686
  endofexp_p_self_action_press: 0.64
  endofexp_self_rating_neg: 1.1538472132773915e-05
  endofexp_self_rating_pos: 0.9853790377334409
  endofexp_self_rating_zero: 0.014609423794426275
