results:
  endofexp_other_rating_neg: 0.0004093441857740167
  endofexp_other_rating_pos: 0.94499831300835
  endofexp_other_rating_zero: 0.05459234280587607
  endofexp_p_self_action_press: 0.08
  endofexp_self_rating_neg: 0.5918523494570425
  endofexp_self_rating_pos: 0.05708184364620888
  endofexp_self_rating_zero: 0.3510658068967487
