results:
  endofexp_other_rating_neg: 0.9529619648781479
  endofexp_other_rating_pos: 0.000262207019496072
  endofexp_other_rating_zero: 0.04677582810235599
  endofexp_p_self_action_press: 0.08
  endofexp_self_rating_neg: 0.11332224608630807
  endofexp_self_rating_pos: 0.4100346042434103
  endofexp_self_rating_zero: 0.4766431496702815
