results:
  endofexp_other_rating_neg: 0.3031998701384023
  endofexp_other_rating_pos: 0.41386376323948976
  endofexp_other_rating_zero: 0.2829363666221078
  endofexp_p_self_action_press: 0.44
  endofexp_self_rating_neg: 0.1393874217650805
  endofexp_self_rating_pos: 0.5744392807277345
  endofexp_self_rating_zero: 0.28617329750718495
