results:
  endofexp_other_rating_neg: 0.267157800263838
  endofexp_other_rating_pos: 0.23579912438818162
  endofexp_other_rating_zero: 0.4970430753479804
  endofexp_p_self_action_press: 0.32
  endofexp_self_rating_neg: 0.9772115715449011
  endofexp_self_rating_pos: 0.00023604286026298653
  endofexp_self_rating_zero: 0.02255238559483602
