results:
  endofexp_other_rating_neg: 0.3522038856321867
  endofexp_other_rating_pos: 0.2786303643584651
  endofexp_other_rating_zero: 0.36916575000934826
  endofexp_p_self_action_press: 0.12
  endofexp_self_rating_neg: 0.6587405959436582
  endofexp_self_rating_pos: 0.07469334971239767
  endofexp_self_rating_zero: 0.26656605434394426
