results:
  endofexp_other_rating_neg: 0.26721125651963185
  endofexp_other_rating_pos: 0.41546588512273525
  endofexp_other_rating_zero: 0.317322858357633
  endofexp_p_self_action_press: 0.28
  endofexp_self_rating_neg: 0.9931299381792444
  endofexp_self_rating_pos: 4.410167833128131e-05
  endofexp_self_rating_zero: 0.00682596014242412
