results:
  endofexp_other_rating_neg: 0.2251833946987485
  endofexp_other_rating_pos: 0.25045711180459873
  endofexp_other_rating_zero: 0.5243594934966528
  endofexp_p_self_action_press: 0.64
  endofexp_self_rating_neg: 0.0002002317865806867
  endofexp_self_rating_pos: 0.9755827259224493
  endofexp_self_rating_zero: 0.024217042290970128
