results:
  endofexp_other_rating_neg: 0.36781191835164123
  endofexp_other_rating_pos: 0.13947535262165126
  endofexp_other_rating_zero: 0.4927127290267074
  endofexp_p_self_action_press: 0.28
  endofexp_self_rating_neg: 0.9697629830484902
  endofexp_self_rating_pos: 0.00028030434657391837
  endofexp_self_rating_zero: 0.029956712604935876
