results:
  endofexp_other_rating_neg: 0.9737320649991437
  endofexp_other_rating_pos: 0.0003948578135922313
  endofexp_other_rating_zero: 0.025873077187264098
  endofexp_p_self_action_press: 0.08
  endofexp_self_rating_neg: 0.5419970773903791
  endofexp_self_rating_pos: 0.12913070284263745
  endofexp_self_rating_zero: 0.32887221976698355
