results:
  endofexp_other_rating_neg: 0.16274985710480167
  endofexp_other_rating_pos: 0.34418362885729
  endofexp_other_rating_zero: 0.4930665140379085
  endofexp_p_self_action_press: 0.4
  endofexp_self_rating_neg: 0.9743941873530099
  endofexp_self_rating_pos: 0.00028019615930649
  endofexp_self_rating_zero: 0.025325616487683625
