results:
  endofexp_other_rating_neg: 0.47472627798013706
  endofexp_other_rating_pos: 0.060476615318521935
  endofexp_other_rating_zero: 0.464797106701341
  endofexp_p_self_action_press: 0.44
  endofexp_self_rating_neg: 0.0004955843533274775
  endofexp_self_rating_pos: 0.9497715098707133
  endofexp_self_rating_zero: 0.0497329057759591
