results:
  endofexp_other_rating_neg: 0.14240373564921974
  endofexp_other_rating_pos: 0.30608163405371747
  endofexp_other_rating_zero: 0.5515146302970628
  endofexp_p_self_action_press: 0.52
  endofexp_self_rating_neg: 9.659276691960699e-05
  endofexp_self_rating_pos: 0.9739836621378085
  endofexp_self_rating_zero: 0.025919745095271986
