results:
  endofexp_other_rating_neg: 0.00039987434010663707
  endofexp_other_rating_pos: 0.9548533254587235
  endofexp_other_rating_zero: 0.04474680020116979
  endofexp_p_self_action_press: 0.08
  endofexp_self_rating_neg: 0.47649851974928287
  endofexp_self_rating_pos: 0.0970731282289953
  endofexp_self_rating_zero: 0.42642835202172186
