results:
  endofexp_other_rating_neg: 0.5925730636919754
  endofexp_other_rating_pos: 0.1119819770419459
  endofexp_other_rating_zero: 0.2954449592660787
  endofexp_p_self_action_press: 0.04
  endofexp_self_rating_neg: 0.3669680198421424
  endofexp_self_rating_pos: 0.2784132229231602
  endofexp_self_rating_zero: 0.3546187572346974
