results:
  endofexp_other_rating_neg: 0.5151091906610872
  endofexp_other_rating_pos: 0.06121455656073207
  endofexp_other_rating_zero: 0.4236762527781809
  endofexp_p_self_action_press: 0.64
  endofexp_self_rating_neg: 0.0004489206328733049
  endofexp_self_rating_pos: 0.963340127049968
  endofexp_self_rating_zero: 0.03621095231715882
