results:
  endofexp_other_rating_neg: 0.1510133927480443
  endofexp_other_rating_pos: 0.3805935133969612
  endofexp_other_rating_zero: 0.4683930938549945
  endofexp_p_self_action_press: 0.32
  endofexp_self_rating_neg: 0.971903433726842
  endofexp_self_rating_pos: 0.0003735400593496362
  endofexp_self_rating_zero: 0.02772302621380831
