results:
  endofexp_other_rating_neg: 0.2374389327363254
  endofexp_other_rating_pos: 0.37994188969452863
  endofexp_other_rating_zero: 0.38261917756914593
  endofexp_p_self_action_press: 0.24
  endofexp_self_rating_neg: 0.758115285939242
  endofexp_self_rating_pos: 0.028914352359224557
  endofexp_self_rating_zero: 0.2129703617015334
