results:
  endofexp_other_rating_neg: 0.0002877746080797307
  endofexp_other_rating_pos: 0.9596681704412257
  endofexp_other_rating_zero: 0.040044054950694706
  endofexp_p_self_action_press: 0.92
  endofexp_self_rating_neg: 0.026851163829253708
  endofexp_self_rating_pos: 0.6967139264649872
  endofexp_self_rating_zero: 0.27643490970575907
