results:
  endofexp_other_rating_neg: 0.00043432534407152464
  endofexp_other_rating_pos: 0.916945412188872
  endofexp_other_rating_zero: 0.08262026246705642
  endofexp_p_self_action_press: 0.08
  endofexp_self_rating_neg: 0.313762448450978
  endofexp_self_rating_pos: 0.1320659792079216
  endofexp_self_rating_zero: 0.5541715723411004
