results:
  endofexp_other_rating_neg: 0.9501114075807453
  endofexp_other_rating_pos: 0.0005216381113469978
  endofexp_other_rating_zero: 0.049366954307907586
  endofexp_p_self_action_press: 0.08
  endofexp_self_rating_neg: 0.39252357474218297
  endofexp_self_rating_pos: 0.1621969992197751
  endofexp_self_rating_zero: 0.4452794260380418
