results:
  endofexp_other_rating_neg: 0.00044939054233732086
  endofexp_other_rating_pos: 0.9538125446164409
  endofexp_other_rating_zero: 0.04573806484122182
  endofexp_p_self_action_press: 0.08
  endofexp_self_rating_neg: 0.3413339437086125
  endofexp_self_rating_pos: 0.19863343260481833
  endofexp_self_rating_zero: 0.4600326236865692
