results:
  endofexp_other_rating_neg: 0.8371671994039314
  endofexp_other_rating_pos: 0.010272587701479685
  endofexp_other_rating_zero: 0.15256021289458888
  endofexp_p_self_action_press: 0.12
  endofexp_self_rating_neg: 0.16882474615271054
  endofexp_self_rating_pos: 0.24954641471820604
  endofexp_self_rating_zero: 0.5816288391290834
