results:
  endofexp_other_rating_neg: 0.4537145716131033
  endofexp_other_rating_pos: 0.07313846050143652
  endofexp_other_rating_zero: 0.4731469678854601
  endofexp_p_self_action_press: 0.56
  endofexp_self_rating_neg: 0.0002847205657138117
  endofexp_self_rating_pos: 0.9679737858009667
  endofexp_self_rating_zero: 0.03174149363331945
