results:
  endofexp_other_rating_neg: 0.27369086804111264
  endofexp_other_rating_pos: 0.35417853192496773
  endofexp_other_rating_zero: 0.3721306000339196
  endofexp_p_self_action_press: 0.44
  endofexp_self_rating_neg: 0.29312098636646855
  endofexp_self_rating_pos: 0.3562459921051734
  endofexp_self_rating_zero: 0.35063302152835796
