results:
  endofexp_other_rating_neg: 0.9540027246161731
  endofexp_other_rating_pos: 0.0004611883780778397
  endofexp_other_rating_zero: 0.04553608700574912
  endofexp_p_self_action_press: 0.08
  endofexp_self_rating_neg: 0.18609455488154691
  endofexp_self_rating_pos: 0.3601545976047404
  endofexp_self_rating_zero: 0.4537508475137127
