results:
  endofexp_other_rating_neg: 0.22681747390000773
  endofexp_other_rating_pos: 0.20958869879931513
  endofexp_other_rating_zero: 0.5635938273006771
  endofexp_p_self_action_press: 0.72
  endofexp_self_rating_neg: 0.00016642515248917062
  endofexp_self_rating_pos: 0.9559716025410193
  endofexp_self_rating_zero: 0.04386197230649164
