results:
  endofexp_other_rating_neg: 0.3223248927889671
  endofexp_other_rating_pos: 0.32200061469595603
  endofexp_other_rating_zero: 0.3556744925150768
  endofexp_p_self_action_press: 0.64
  endofexp_self_rating_neg: 5.580730238414655e-06
  endofexp_self_rating_pos: 0.9954454897995682
  endofexp_self_rating_zero: 0.004548929470193578
