results:
  endofexp_other_rating_neg: 0.31006474174420356
  endofexp_other_rating_pos: 0.24377444929344555
  endofexp_other_rating_zero: 0.446160808962351
  endofexp_p_self_action_press: 0.24
  endofexp_self_rating_neg: 0.9590017213168722
  endofexp_self_rating_pos: 0.00043340194054346346
  endofexp_self_rating_zero: 0.040564876742584334
