results:
  endofexp_other_rating_neg: 0.15725027313269496
  endofexp_other_rating_pos: 0.3192903964202207
  endofexp_other_rating_zero: 0.5234593304470843
  endofexp_p_self_action_press: 0.64
  endofexp_self_rating_neg: 0.00027308707147040905
  endofexp_self_rating_pos: 0.9652412177879944
  endofexp_self_rating_zero: 0.034485695140535004
