results:
  endofexp_other_rating_neg: 0.9605899935680399
  endofexp_other_rating_pos: 0.00026315623892561314
  endofexp_other_rating_zero: 0.03914685019303452
  endofexp_p_self_action_press: 0.08
  endofexp_self_rating_neg: 0.20157158085426524
  endofexp_self_rating_pos: 0.3397527678776377
  endofexp_self_rating_zero: 0.45867565126809706
