results:
  endofexp_other_rating_neg: 5.676058212337754e-05
  endofexp_other_rating_pos: 0.9953180989664424
  endofexp_other_rating_zero: 0.0046251404514343715
  endofexp_p_self_action_press: 0.2
  endofexp_self_rating_neg: 0.017683715901266838
  endofexp_self_rating_pos: 0.4459445925477274
  endofexp_self_rating_zero: 0.5363716915510057
