results:
  endofexp_other_rating_neg: 0.28172999407063715
  endofexp_other_rating_pos: 0.21079124767775811
  endofexp_other_rating_zero: 0.5074787582516047
  endofexp_p_self_action_press: 0.36
  endofexp_self_rating_neg: 0.9785322755060304
  endofexp_self_rating_pos: 0.00014602097862497925
  endofexp_self_rating_zero: 0.02132170351534462
