results:
  endofexp_other_rating_neg: 0.2860257709329734
  endofexp_other_rating_pos: 0.1909489487148043
  endofexp_other_rating_zero: 0.5230252803522223
  endofexp_p_self_action_press: 0.64
  endofexp_self_rating_neg: 0.00016947875030814746
  endofexp_self_rating_pos: 0.9763087348595646
  endofexp_self_rating_zero: 0.023521786390127194
