results:
  endofexp_other_rating_neg: 0.293423706153296
  endofexp_other_rating_pos: 0.31357653654943846
  endofexp_other_rating_zero: 0.3929997572972655
  endofexp_p_self_action_press: 0.52
  endofexp_self_rating_neg: 0.5118975732089629
  endofexp_self_rating_pos: 0.1707572872349246
  endofexp_self_rating_zero: 0.3173451395561125
