results:
  endofexp_other_rating_neg: 0.005857951649162808
  endofexp_other_rating_pos: 0.9327862176850875
  endofexp_other_rating_zero: 0.061355830665749636
  endofexp_p_self_action_press: 0.08
  endofexp_self_rating_neg: 0.43139682540707885
  endofexp_self_rating_pos: 0.19792592267283052
  endofexp_self_rating_zero: 0.3706772519200906
