results:
  endofexp_other_rating_neg: 0.9334475427079083
  endofexp_other_rating_pos: 0.001130062423461235
  endofexp_other_rating_zero: 0.06542239486863043
  endofexp_p_self_action_press: 0.08
  endofexp_self_rating_neg: 0.2716845016681181
  endofexp_self_rating_pos: 0.27774363469279995
  endofexp_self_rating_zero: 0.4505718636390819
