results:
  endofexp_other_rating_neg: 0.17780213066657805
  endofexp_other_rating_pos: 0.31511944016034715
  endofexp_other_rating_zero: 0.5070784291730748
  endofexp_p_self_action_press: 0.32
  endofexp_self_rating_neg: 0.9656233633253617
  endofexp_self_rating_pos: 0.00046870522291800565
  endofexp_self_rating_zero: 0.033907931451720316
