results:
  endofexp_other_rating_neg: 0.5993499676117446
  endofexp_other_rating_pos: 0.023027651521070294
  endofexp_other_rating_zero: 0.3776223808671851
  endofexp_p_self_action_press: 0.64
  endofexp_self_rating_neg: 0.0004039707819926823
  endofexp_self_rating_pos: 0.9543423560017992
  endofexp_self_rating_zero: 0.04525367321620838
