results:
  endofexp_other_rating_neg: 0.3724729409903496
  endofexp_other_rating_pos: 0.28136717328447514
  endofexp_other_rating_zero: 0.34615988572517525
  endofexp_p_self_action_press: 0.52
  endofexp_self_rating_neg: 0.38711630517471446
  endofexp_self_rating_pos: 0.27259916050947364
  endofexp_self_rating_zero: 0.3402845343158118
