results:
  endofexp_other_rating_neg: 0.4584407634703476
  endofexp_other_rating_pos: 0.20912303665889095
  endofexp_other_rating_zero: 0.3324361998707615
  endofexp_p_self_action_press: 0.28
  endofexp_self_rating_neg: 0.9911549576304316
  endofexp_self_rating_pos: 3.046674548838305e-05
  endofexp_self_rating_zero: 0.008814575624079878
