results:
  endofexp_other_rating_neg: 0.00043712612277645537
  endofexp_other_rating_pos: 0.956858638646771
  endofexp_other_rating_zero: 0.04270423523045269
  endofexp_p_self_action_press: 0.08
  endofexp_self_rating_neg: 0.28592654528930433
  endofexp_self_rating_pos: 0.23992323641127625
  endofexp_self_rating_zero: 0.47415021829941945
