results:
  endofexp_other_rating_neg: 0.8179135155382952
  endofexp_other_rating_pos: 0.00452023525005183
  endofexp_other_rating_zero: 0.17756624921165293
  endofexp_p_self_action_press: 0.08
  endofexp_self_rating_neg: 0.3757868522229441
  endofexp_self_rating_pos: 0.05923373509237996
  endofexp_self_rating_zero: 0.564979412684676
