results:
  endofexp_other_rating_neg: 0.12390544293539245
  endofexp_other_rating_pos: 0.5340752162654386
  endofexp_other_rating_zero: 0.34201934079916907
  endofexp_p_self_action_press: 0.56
  endofexp_self_rating_neg: 0.2593246103757544
  endofexp_self_rating_pos: 0.3911480837437654
  endofexp_self_rating_zero: 0.3495273058804802
