results:
  endofexp_other_rating_neg: 0.5220882489023272
  endofexp_other_rating_pos: 0.05321234287660876
  endofexp_other_rating_zero: 0.42469940822106406
  endofexp_p_self_action_press: 0.68
  endofexp_self_rating_neg: 0.00022761975813785277
  endofexp_self_rating_pos: 0.9723238235354538
  endofexp_self_rating_zero: 0.02744855670640839
