results:
  endofexp_other_rating_neg: 0.9596283114743528
  endofexp_other_rating_pos: 0.00029366255119093207
  endofexp_other_rating_zero: 0.04007802597445619
  endofexp_p_self_action_press: 0.08
  endofexp_self_rating_neg: 0.19208239878650019
  endofexp_self_rating_pos: 0.34206113937780463
  endofexp_self_rating_zero: 0.46585646183569523
