results:
  endofexp_other_rating_neg: 0.37343746926521326
  endofexp_other_rating_pos: 0.24071627744387747
  endofexp_other_rating_zero: 0.3858462532909093
  endofexp_p_self_action_press: 0.2
  endofexp_self_rating_neg: 0.7693445990962156
  endofexp_self_rating_pos: 0.023172469988168885
  endofexp_self_rating_zero: 0.20748293091561554
