results:
  endofexp_other_rating_neg: 0.008503370442737511
  endofexp_other_rating_pos: 0.9146640033515514
  endofexp_other_rating_zero: 0.07683262620571112
  endofexp_p_self_action_press: 0.08
  endofexp_self_rating_neg: 0.0502982867028373
  endofexp_self_rating_pos: 0.6300118460110572
  endofexp_self_rating_zero: 0.31968986728610543
