results:
  endofexp_other_rating_neg: 0.23493764443081794
  endofexp_other_rating_pos: 0.45235791055541397
  endofexp_other_rating_zero: 0.31270444501376804
  endofexp_p_self_action_press: 0.44
  endofexp_self_rating_neg: 0.2583621633047529
  endofexp_self_rating_pos: 0.3753486768738993
  endofexp_self_rating_zero: 0.3662891598213478
