results:
  endofexp_other_rating_neg: 0.0002902755466900555
  endofexp_other_rating_pos: 0.9409504265475368
  endofexp_other_rating_zero: 0.05875929790577313
  endofexp_p_self_action_press: 0.08
  endofexp_self_rating_neg: 0.3252388704992128
  endofexp_self_rating_pos: 0.1527305867436631
  endofexp_self_rating_zero: 0.5220305427571241
