results:
  endofexp_other_rating_neg: 0.00039543212761078937
  endofexp_other_rating_pos: 0.9400764747558404
  endofexp_other_rating_zero: 0.05952809311654858
  endofexp_p_self_action_press: 0.04
  endofexp_self_rating_neg: 0.6242719487077669
  endofexp_self_rating_pos: 0.039048106318436436
  endofexp_self_rating_zero: 0.3366799449737967
