results:
  endofexp_other_rating_neg: 0.5157149955175351
  endofexp_other_rating_pos: 0.05810072056310864
  endofexp_other_rating_zero: 0.4261842839193563
  endofexp_p_self_action_press: 0.6
  endofexp_self_rating_neg: 0.00020805338403066288
  endofexp_self_rating_pos: 0.9744842499980299
  endofexp_self_rating_zero: 0.025307696617939465
