results:
  endofexp_other_rating_neg: 0.023407900067478494
  endofexp_other_rating_pos: 0.7790727210079379
  endofexp_other_rating_zero: 0.19751937892458363
  endofexp_p_self_action_press: 0.08
  endofexp_self_rating_neg: 0.684217192304049
  endofexp_self_rating_pos: 0.012202171158738982
  endofexp_self_rating_zero: 0.30358063653721196
