results:
  endofexp_other_rating_neg: 0.3267435645040164
  endofexp_other_rating_pos: 0.29830217115331886
  endofexp_other_rating_zero: 0.3749542643426648
  endofexp_p_self_action_press: 0.52
  endofexp_self_rating_neg: 0.2735412949041674
  endofexp_self_rating_pos: 0.3556349808705171
  endofexp_self_rating_zero: 0.37082372422531545
