results:
  endofexp_other_rating_neg: 0.3203567278737862
  endofexp_other_rating_pos: 0.21072970239810002
  endofexp_other_rating_zero: 0.4689135697281139
  endofexp_p_self_action_press: 0.6
  endofexp_self_rating_neg: 8.728149936492457e-06
  endofexp_self_rating_pos: 0.9916641139470329
  endofexp_self_rating_zero: 0.008327157903030454
