results:
  endofexp_other_rating_neg: 0.10943385572770212
  endofexp_other_rating_pos: 0.595538427041844
  endofexp_other_rating_zero: 0.2950277172304538
  endofexp_p_self_action_press: 0.04
  endofexp_self_rating_neg: 0.37151718258084365
  endofexp_self_rating_pos: 0.2737394422244648
  endofexp_self_rating_zero: 0.35474337519469157
