results:
  endofexp_other_rating_neg: 0.387454432918629
  endofexp_other_rating_pos: 0.08305270898772303
  endofexp_other_rating_zero: 0.5294928580936479
  endofexp_p_self_action_press: 0.64
  endofexp_self_rating_neg: 0.00019893215929443157
  endofexp_self_rating_pos: 0.9681836802065377
  endofexp_self_rating_zero: 0.031617387634167854
