results:
  endofexp_other_rating_neg: 0.3025897078709727
  endofexp_other_rating_pos: 0.3561988631556169
  endofexp_other_rating_zero: 0.3412114289734104
  endofexp_p_self_action_press: 0.48
  endofexp_self_rating_neg: 0.3176071077845323
  endofexp_self_rating_pos: 0.3187330552695243
  endofexp_self_rating_zero: 0.36365983694594345
