results:
  endofexp_other_rating_neg: 0.2283725047029416
  endofexp_other_rating_pos: 0.3844059966066242
  endofexp_other_rating_zero: 0.3872214986904342
  endofexp_p_self_action_press: 0.68
  endofexp_self_rating_neg: 0.02176518500226872
  endofexp_self_rating_pos: 0.7799454142750402
  endofexp_self_rating_zero: 0.19828940072269113
