results:
  endofexp_other_rating_neg: 0.0028961967841271354
  endofexp_other_rating_pos: 0.9458483428926301
  endofexp_other_rating_zero: 0.051255460323242866
  endofexp_p_self_action_press: 0.08
  endofexp_self_rating_neg: 0.36273667201729043
  endofexp_self_rating_pos: 0.24349195161999165
  endofexp_self_rating_zero: 0.393771376362718
