results:
  endofexp_other_rating_neg: 0.6223556170161538
  endofexp_other_rating_pos: 0.028949647806994806
  endofexp_other_rating_zero: 0.34869473517685123
  endofexp_p_self_action_press: 0.72
  endofexp_self_rating_neg: 0.0007168699203180011
  endofexp_self_rating_pos: 0.9515960405942872
  endofexp_self_rating_zero: 0.047687089485394796
