results:
  endofexp_other_rating_neg: 0.1902518461173787
  endofexp_other_rating_pos: 0.28854489881465156
  endofexp_other_rating_zero: 0.5212032550679697
  endofexp_p_self_action_press: 0.64
  endofexp_self_rating_neg: 0.00019488098337905506
  endofexp_self_rating_pos: 0.9750358259099922
  endofexp_self_rating_zero: 0.02476929310662874
