results:
  endofexp_other_rating_neg: 0.23676395420620508
  endofexp_other_rating_pos: 0.41587146389832014
  endofexp_other_rating_zero: 0.3473645818954748
  endofexp_p_self_action_press: 0.4
  endofexp_self_rating_neg: 0.9928548713420103
  endofexp_self_rating_pos: 1.152685068692699e-05
  endofexp_self_rating_zero: 0.007133601807302854
