results:
  endofexp_other_rating_neg: 0.00020412900071883753
  endofexp_other_rating_pos: 0.9550798178995185
  endofexp_other_rating_zero: 0.044716053099762516
  endofexp_p_self_action_press: 0.08
  endofexp_self_rating_neg: 0.1735692569231143
  endofexp_self_rating_pos: 0.3212489178170319
  endofexp_self_rating_zero: 0.5051818252598538
