results:
  endofexp_other_rating_neg: 0.826568356155429
  endofexp_other_rating_pos: 0.012262784322740854
  endofexp_other_rating_zero: 0.1611688595218302
  endofexp_p_self_action_press: 0.08
  endofexp_self_rating_neg: 0.3026835493252997
  endofexp_self_rating_pos: 0.14313953840438293
  endofexp_self_rating_zero: 0.5541769122703174
