results:
  endofexp_other_rating_neg: 0.15562846224312749
  endofexp_other_rating_pos: 0.3453923423720879
  endofexp_other_rating_zero: 0.49897919538478475
  endofexp_p_self_action_press: 0.32
  endofexp_self_rating_neg: 0.9716537205793121
  endofexp_self_rating_pos: 0.0002537957756360964
  endofexp_self_rating_zero: 0.028092483645051878
