results:
  endofexp_other_rating_neg: 0.24476102343724004
  endofexp_other_rating_pos: 0.41351746434773373
  endofexp_other_rating_zero: 0.34172151221502606
  endofexp_p_self_action_press: 0.52
  endofexp_self_rating_neg: 0.3447691674539885
  endofexp_self_rating_pos: 0.29565833751660453
  endofexp_self_rating_zero: 0.359572495029407
