results:
  endofexp_other_rating_neg: 0.9190540442894669
  endofexp_other_rating_pos: 0.0002835225620304929
  endofexp_other_rating_zero: 0.08066243314850247
  endofexp_p_self_action_press: 0.08
  endofexp_self_rating_neg: 0.3739900537765738
  endofexp_self_rating_pos: 0.1183239460144606
  endofexp_self_rating_zero: 0.5076860002089656
