results:
  endofexp_other_rating_neg: 0.8142357506364954
  endofexp_other_rating_pos: 0.014522064280980447
  endofexp_other_rating_zero: 0.1712421850825241
  endofexp_p_self_action_press: 0.08
  endofexp_self_rating_neg: 0.3646059613429246
  endofexp_self_rating_pos: 0.12131252178149143
  endofexp_self_rating_zero: 0.514081516875584
