results:
  endofexp_other_rating_neg: 0.00647165932892412
  endofexp_other_rating_pos: 0.9161756938458847
  endofexp_other_rating_zero: 0.07735264682519098
  endofexp_p_self_action_press: 0.08
  endofexp_self_rating_neg: 0.24040577994859327
  endofexp_self_rating_pos: 0.34871923315663866
  endofexp_self_rating_zero: 0.41087498689476815
