results:
  endofexp_other_rating_neg: 0.4387235494753602
  endofexp_other_rating_pos: 0.0952467783690594
  endofexp_other_rating_zero: 0.46602967215558033
  endofexp_p_self_action_press: 0.6
  endofexp_self_rating_neg: 0.0002254088128319271
  endofexp_self_rating_pos: 0.972477068826862
  endofexp_self_rating_zero: 0.027297522360306126
