results:
  endofexp_other_rating_neg: 0.5954024003346636
  endofexp_other_rating_pos: 0.10951246548705183
  endofexp_other_rating_zero: 0.2950851341782845
  endofexp_p_self_action_press: 0.04
  endofexp_self_rating_neg: 0.3716997617168539
  endofexp_self_rating_pos: 0.27317584818353663
  endofexp_self_rating_zero: 0.35512439009960944
