results:
  endofexp_other_rating_neg: 0.8435697507889556
  endofexp_other_rating_pos: 0.0021762682760869904
  endofexp_other_rating_zero: 0.1542539809349575
  endofexp_p_self_action_press: 0.12
  endofexp_self_rating_neg: 0.16518034062379502
  endofexp_self_rating_pos: 0.15488645155590078
  endofexp_self_rating_zero: 0.6799332078203043
