results:
  endofexp_other_rating_neg: 0.284602653839732
  endofexp_other_rating_pos: 0.36842137957435894
  endofexp_other_rating_zero: 0.346975966585909
  endofexp_p_self_action_press: 0.6
  endofexp_self_rating_neg: 0.39930356836802916
  endofexp_self_rating_pos: 0.22205253722264476
  endofexp_self_rating_zero: 0.378643894409326
