results:
  endofexp_other_rating_neg: 0.00037915364564283707
  endofexp_other_rating_pos: 0.9485884701218548
  endofexp_other_rating_zero: 0.05103237623250241
  endofexp_p_self_action_press: 0.08
  endofexp_self_rating_neg: 0.02777657691854741
  endofexp_self_rating_pos: 0.6726680875716337
  endofexp_self_rating_zero: 0.299555335509819
