results:
  endofexp_other_rating_neg: 0.23420801781586642
  endofexp_other_rating_pos: 0.4771207011509619
  endofexp_other_rating_zero: 0.2886712810331716
  endofexp_p_self_action_press: 0.28
  endofexp_self_rating_neg: 0.9931194343406496
  endofexp_self_rating_pos: 5.615222805716426e-05
  endofexp_self_rating_zero: 0.006824413431293102
