results:
  endofexp_other_rating_neg: 0.40411968956216143
  endofexp_other_rating_pos: 0.2511061824991023
  endofexp_other_rating_zero: 0.34477412793873613
  endofexp_p_self_action_press: 0.56
  endofexp_self_rating_neg: 0.4780929879269966
  endofexp_self_rating_pos: 0.15789698610797892
  endofexp_self_rating_zero: 0.3640100259650244
