results:
  endofexp_other_rating_neg: 0.5230868398829925
  endofexp_other_rating_pos: 0.15241673783753099
  endofexp_other_rating_zero: 0.3244964222794765
  endofexp_p_self_action_press: 0.24
  endofexp_self_rating_neg: 0.9923108651995619
  endofexp_self_rating_pos: 1.7646087080890625e-05
  endofexp_self_rating_zero: 0.007671488713357303
