results:
  endofexp_other_rating_neg: 0.3337785845335106
  endofexp_other_rating_pos: 0.29323355640311366
  endofexp_other_rating_zero: 0.37298785906337567
  endofexp_p_self_action_press: 0.8
  endofexp_self_rating_neg: 0.06077432574480271
  endofexp_self_rating_pos: 0.6824098783233006
  endofexp_self_rating_zero: 0.25681579593189685
