results:
  endofexp_other_rating_neg: 0.120072208732542
  endofexp_other_rating_pos: 0.3957579178856237
  endofexp_other_rating_zero: 0.4841698733818344
  endofexp_p_self_action_press: 0.32
  endofexp_self_rating_neg: 0.9666760574441488
  endofexp_self_rating_pos: 0.0003889374414559776
  endofexp_self_rating_zero: 0.032935005114395254
