results:
  endofexp_other_rating_neg: 0.00789621428759923
  endofexp_other_rating_pos: 0.9156273399279059
  endofexp_other_rating_zero: 0.07647644578449488
  endofexp_p_self_action_press: 0.08
  endofexp_self_rating_neg: 0.5173140444997857
  endofexp_self_rating_pos: 0.14275093530841912
  endofexp_self_rating_zero: 0.3399350201917953
