results:
  endofexp_other_rating_neg: 0.9418064170918375
  endofexp_other_rating_pos: 0.0006423608441290088
  endofexp_other_rating_zero: 0.057551222064033555
  endofexp_p_self_action_press: 0.08
  endofexp_self_rating_neg: 0.5668565612997685
  endofexp_self_rating_pos: 0.06371422024540381
  endofexp_self_rating_zero: 0.36942921845482773
