results:
  endofexp_other_rating_neg: 0.28847108336687316
  endofexp_other_rating_pos: 0.3691680042460614
  endofexp_other_rating_zero: 0.34236091238706556
  endofexp_p_self_action_press: 0.44
  endofexp_self_rating_neg: 0.3046329840771943
  endofexp_self_rating_pos: 0.3305895475809564
  endofexp_self_rating_zero: 0.3647774683418493
