results:
  endofexp_other_rating_neg: 0.9405476704354115
  endofexp_other_rating_pos: 0.00025046136878301487
  endofexp_other_rating_zero: 0.0592018681958055
  endofexp_p_self_action_press: 0.04
  endofexp_self_rating_neg: 0.6387415297823866
  endofexp_self_rating_pos: 0.03139767138066689
  endofexp_self_rating_zero: 0.32986079883694647
