results:
  endofexp_other_rating_neg: 0.18859041411641955
  endofexp_other_rating_pos: 0.18910287713405804
  endofexp_other_rating_zero: 0.6223067087495224
  endofexp_p_self_action_press: 0.28
  endofexp_self_rating_neg: 0.9564590977316482
  endofexp_self_rating_pos: 0.0001394416200529136
  endofexp_self_rating_zero: 0.04340146064829903
