results:
  endofexp_other_rating_neg: 0.00029195535423315333
  endofexp_other_rating_pos: 0.9552223214184837
  endofexp_other_rating_zero: 0.044485723227283204
  endofexp_p_self_action_press: 0.88
  endofexp_self_rating_neg: 0.06086703824491722
  endofexp_self_rating_pos: 0.5610236448734516
  endofexp_self_rating_zero: 0.3781093168816313
