results:
  endofexp_other_rating_neg: 0.10991299708290911
  endofexp_other_rating_pos: 0.41710059633080687
  endofexp_other_rating_zero: 0.4729864065862839
  endofexp_p_self_action_press: 0.28
  endofexp_self_rating_neg: 0.9697494316819056
  endofexp_self_rating_pos: 0.00031555531511886885
  endofexp_self_rating_zero: 0.029935013002975356
