results:
  endofexp_other_rating_neg: 0.09979040870287373
  endofexp_other_rating_pos: 0.4371824832358325
  endofexp_other_rating_zero: 0.46302710806129377
  endofexp_p_self_action_press: 0.48
  endofexp_self_rating_neg: 0.0005768045511084652
  endofexp_self_rating_pos: 0.961025894447878
  endofexp_self_rating_zero: 0.03839730100101361
