results:
  endofexp_other_rating_neg: 0.9306729562691768
  endofexp_other_rating_pos: 0.0010368348223563388
  endofexp_other_rating_zero: 0.06829020890846701
  endofexp_p_self_action_press: 0.08
  endofexp_self_rating_neg: 0.5962949871801717
  endofexp_self_rating_pos: 0.05346581330500977
  endofexp_self_rating_zero: 0.3502391995148185
