results:
  endofexp_other_rating_neg: 0.33728628845972886
  endofexp_other_rating_pos: 0.29429212572527125
  endofexp_other_rating_zero: 0.3684215858149999
  endofexp_p_self_action_press: 0.48
  endofexp_self_rating_neg: 0.32707205441692355
  endofexp_self_rating_pos: 0.2974998884629
  endofexp_self_rating_zero: 0.3754280571201765
