results:
  endofexp_other_rating_neg: 0.06299622663092412
  endofexp_other_rating_pos: 0.4040358814977232
  endofexp_other_rating_zero: 0.5329678918713527
  endofexp_p_self_action_press: 0.32
  endofexp_self_rating_neg: 0.9722451081628897
  endofexp_self_rating_pos: 0.00011003616136528973
  endofexp_self_rating_zero: 0.02764485567574495
