results:
  endofexp_other_rating_neg: 0.33063864156284817
  endofexp_other_rating_pos: 0.2806936450122711
  endofexp_other_rating_zero: 0.38866771342488077
  endofexp_p_self_action_press: 0.8
  endofexp_self_rating_neg: 0.019752863865739805
  endofexp_self_rating_pos: 0.780296000283934
  endofexp_self_rating_zero: 0.19995113585032617
