results:
  endofexp_other_rating_neg: 0.00040801224470430144
  endofexp_other_rating_pos: 0.9541341823788276
  endofexp_other_rating_zero: 0.04545780537646801
  endofexp_p_self_action_press: 0.08
  endofexp_self_rating_neg: 0.2782995337537747
  endofexp_self_rating_pos: 0.25755118283121803
  endofexp_self_rating_zero: 0.4641492834150072
