results:
  endofexp_other_rating_neg: 0.0001927721438858587
  endofexp_other_rating_pos: 0.9578106001820179
  endofexp_other_rating_zero: 0.04199662767409624
  endofexp_p_self_action_press: 0.88
  endofexp_self_rating_neg: 0.05021038028800801
  endofexp_self_rating_pos: 0.5231013455625676
  endofexp_self_rating_zero: 0.4266882741494245
