results:
  endofexp_other_rating_neg: 0.3408642058863557
  endofexp_other_rating_pos: 0.29504334608083216
  endofexp_other_rating_zero: 0.3640924480328121
  endofexp_p_self_action_press: 0.52
  endofexp_self_rating_neg: 0.23048039402399217
  endofexp_self_rating_pos: 0.4242328708895627
  endofexp_self_rating_zero: 0.34528673508644514
