results:
  endofexp_other_rating_neg: 0.37764915067858496
  endofexp_other_rating_pos: 0.12957028500312595
  endofexp_other_rating_zero: 0.4927805643182891
  endofexp_p_self_action_press: 0.64
  endofexp_self_rating_neg: 0.00027842807074045646
  endofexp_self_rating_pos: 0.9709616922994411
  endofexp_self_rating_zero: 0.028759879629818574
