results:
  endofexp_other_rating_neg: 0.24593917483539127
  endofexp_other_rating_pos: 0.24131773604944753
  endofexp_other_rating_zero: 0.5127430891151612
  endofexp_p_self_action_press: 0.36
  endofexp_self_rating_neg: 0.9692043496061953
  endofexp_self_rating_pos: 0.00034659062620647976
  endofexp_self_rating_zero: 0.030449059767598118
