results:
  endofexp_other_rating_neg: 0.07315211586410031
  endofexp_other_rating_pos: 0.48957249534743835
  endofexp_other_rating_zero: 0.4372753887884614
  endofexp_p_self_action_press: 0.28
  endofexp_self_rating_neg: 0.9684213251811045
  endofexp_self_rating_pos: 0.0003220735072155168
  endofexp_self_rating_zero: 0.03125660131168007
