results:
  endofexp_other_rating_neg: 0.482368744119381
  endofexp_other_rating_pos: 0.18326641302933494
  endofexp_other_rating_zero: 0.3343648428512841
  endofexp_p_self_action_press: 0.28
  endofexp_self_rating_neg: 0.9915641882299163
  endofexp_self_rating_pos: 2.145430942962648e-05
  endofexp_self_rating_zero: 0.008414357460654163
