results:
  endofexp_other_rating_neg: 0.013393296863512353
  endofexp_other_rating_pos: 0.8947721084098879
  endofexp_other_rating_zero: 0.09183459472659976
  endofexp_p_self_action_press: 0.08
  endofexp_self_rating_neg: 0.004203217514780743
  endofexp_self_rating_pos: 0.8479306047029733
  endofexp_self_rating_zero: 0.14786617778224592
