results:
  endofexp_other_rating_neg: 0.35053998430599576
  endofexp_other_rating_pos: 0.29490245863500886
  endofexp_other_rating_zero: 0.35455755705899544
  endofexp_p_self_action_press: 0.28
  endofexp_self_rating_neg: 0.9920386876974048
  endofexp_self_rating_pos: 1.4573470301733734e-05
  endofexp_self_rating_zero: 0.007946738832293554
