results:
  endofexp_other_rating_neg: 0.9623347991338117
  endofexp_other_rating_pos: 8.601569841262741e-05
  endofexp_other_rating_zero: 0.03757918516777562
  endofexp_p_self_action_press: 0.88
  endofexp_self_rating_neg: 0.03325722972238531
  endofexp_self_rating_pos: 0.5587045989464254
  endofexp_self_rating_zero: 0.40803817133118925
