results:
  endofexp_other_rating_neg: 0.5098037841515353
  endofexp_other_rating_pos: 0.2297116453892053
  endofexp_other_rating_zero: 0.2604845704592595
  endofexp_p_self_action_press: 0.64
  endofexp_self_rating_neg: 0.275265842932472
  endofexp_self_rating_pos: 0.44449897723117016
  endofexp_self_rating_zero: 0.2802351798363579
