results:
  endofexp_other_rating_neg: 0.3757316704078422
  endofexp_other_rating_pos: 0.24119686532140683
  endofexp_other_rating_zero: 0.3830714642707509
  endofexp_p_self_action_press: 0.16
  endofexp_self_rating_neg: 0.7590674027248374
  endofexp_self_rating_pos: 0.028459432681787755
  endofexp_self_rating_zero: 0.21247316459337473
