results:
  endofexp_other_rating_neg: 0.19939609861899746
  endofexp_other_rating_pos: 0.29333318981547674
  endofexp_other_rating_zero: 0.5072707115655258
  endofexp_p_self_action_press: 0.28
  endofexp_self_rating_neg: 0.9717435215355132
  endofexp_self_rating_pos: 0.0002494450999091353
  endofexp_self_rating_zero: 0.028007033364577816
