results:
  endofexp_other_rating_neg: 0.32058073875520104
  endofexp_other_rating_pos: 0.3320746530744943
  endofexp_other_rating_zero: 0.34734460817030466
  endofexp_p_self_action_press: 0.44
  endofexp_self_rating_neg: 0.4075138855707153
  endofexp_self_rating_pos: 0.18892266678587866
  endofexp_self_rating_zero: 0.4035634476434062
