results:
  endofexp_other_rating_neg: 0.15097276609359878
  endofexp_other_rating_pos: 0.29504468083843916
  endofexp_other_rating_zero: 0.5539825530679621
  endofexp_p_self_action_press: 0.56
  endofexp_self_rating_neg: 0.00010527737198964743
  endofexp_self_rating_pos: 0.9777048223363629
  endofexp_self_rating_zero: 0.022189900291647437
