results:
  endofexp_other_rating_neg: 0.2603712447344179
  endofexp_other_rating_pos: 0.3869702925665504
  endofexp_other_rating_zero: 0.35265846269903167
  endofexp_p_self_action_press: 0.64
  endofexp_self_rating_neg: 8.554195703978046e-06
  endofexp_self_rating_pos: 0.9935695613121954
  endofexp_self_rating_zero: 0.006421884492100674
