results:
  endofexp_other_rating_neg: 0.3037239940606205
  endofexp_other_rating_pos: 0.33550151253255184
  endofexp_other_rating_zero: 0.36077449340682755
  endofexp_p_self_action_press: 0.52
  endofexp_self_rating_neg: 0.2814904313357384
  endofexp_self_rating_pos: 0.3641482738473604
  endofexp_self_rating_zero: 0.35436129481690126
