results:
  endofexp_other_rating_neg: 0.4825394688969587
  endofexp_other_rating_pos: 0.15539343581979476
  endofexp_other_rating_zero: 0.36206709528324643
  endofexp_p_self_action_press: 0.52
  endofexp_self_rating_neg: 0.40812883583994997
  endofexp_self_rating_pos: 0.24397129172124257
  endofexp_self_rating_zero: 0.34789987243880754
