results:
  endofexp_other_rating_neg: 0.00048029648197240747
  endofexp_other_rating_pos: 0.9550123567979131
  endofexp_other_rating_zero: 0.04450734672011441
  endofexp_p_self_action_press: 0.08
  endofexp_self_rating_neg: 0.3251583025419387
  endofexp_self_rating_pos: 0.20473981425948673
  endofexp_self_rating_zero: 0.47010188319857454
