results:
  endofexp_other_rating_neg: 0.29618224786766195
  endofexp_other_rating_pos: 0.18728365886769496
  endofexp_other_rating_zero: 0.5165340932646431
  endofexp_p_self_action_press: 0.28
  endofexp_self_rating_neg: 0.9740618452360966
  endofexp_self_rating_pos: 0.00024055170002702133
  endofexp_self_rating_zero: 0.025697603063876303
