results:
  endofexp_other_rating_neg: 0.8115270469818545
  endofexp_other_rating_pos: 0.01574286669709964
  endofexp_other_rating_zero: 0.1727300863210459
  endofexp_p_self_action_press: 0.08
  endofexp_self_rating_neg: 0.4055736677876245
  endofexp_self_rating_pos: 0.0923942262560142
  endofexp_self_rating_zero: 0.5020321059563613
