results:
  endofexp_other_rating_neg: 0.3712760383017099
  endofexp_other_rating_pos: 0.2682434593223065
  endofexp_other_rating_zero: 0.3604805023759836
  endofexp_p_self_action_press: 0.48
  endofexp_self_rating_neg: 0.3126354483870849
  endofexp_self_rating_pos: 0.3113849349980087
  endofexp_self_rating_zero: 0.3759796166149065
