results:
  endofexp_other_rating_neg: 0.8388373364617167
  endofexp_other_rating_pos: 0.010130946944625564
  endofexp_other_rating_zero: 0.1510317165936577
  endofexp_p_self_action_press: 0.12
  endofexp_self_rating_neg: 0.3273824300063597
  endofexp_self_rating_pos: 0.11363705624912022
  endofexp_self_rating_zero: 0.5589805137445201
