results:
  endofexp_other_rating_neg: 0.9498043096771654
  endofexp_other_rating_pos: 0.00046659933975661796
  endofexp_other_rating_zero: 0.04972909098307815
  endofexp_p_self_action_press: 0.08
  endofexp_self_rating_neg: 0.1017894340771409
  endofexp_self_rating_pos: 0.48386251333628816
  endofexp_self_rating_zero: 0.4143480525865709
