results:
  endofexp_other_rating_neg: 5.746480253943954e-05
  endofexp_other_rating_pos: 0.9941645686501783
  endofexp_other_rating_zero: 0.005777966547282252
  endofexp_p_self_action_press: 0.2
  endofexp_self_rating_neg: 0.053715945665119766
  endofexp_self_rating_pos: 0.18572862759558478
  endofexp_self_rating_zero: 0.7605554267392954
