results:
  endofexp_other_rating_neg: 0.2615287397129157
  endofexp_other_rating_pos: 0.3677838842688767
  endofexp_other_rating_zero: 0.3706873760182076
  endofexp_p_self_action_press: 0.2
  endofexp_self_rating_neg: 0.6731225250534725
  endofexp_self_rating_pos: 0.06589255870461506
  endofexp_self_rating_zero: 0.26098491624191256
