results:
  endofexp_other_rating_neg: 0.06074115452715195
  endofexp_other_rating_pos: 0.6727729281051867
  endofexp_other_rating_zero: 0.2664859173676613
  endofexp_p_self_action_press: 0.04
  endofexp_self_rating_neg: 0.42169468141895344
  endofexp_self_rating_pos: 0.22248179380003905
  endofexp_self_rating_zero: 0.35582352478100737
