results:
  endofexp_other_rating_neg: 0.8303874939622534
  endofexp_other_rating_pos: 0.002901929961309197
  endofexp_other_rating_zero: 0.16671057607643722
  endofexp_p_self_action_press: 0.12
  endofexp_self_rating_neg: 0.1629188052353868
  endofexp_self_rating_pos: 0.17354746219905906
  endofexp_self_rating_zero: 0.6635337325655541
