results:
  endofexp_other_rating_neg: 0.3777269861294002
  endofexp_other_rating_pos: 0.2760026173349581
  endofexp_other_rating_zero: 0.3462703965356416
  endofexp_p_self_action_press: 0.4
  endofexp_self_rating_neg: 0.10315928454780598
  endofexp_self_rating_pos: 0.4749792473633021
  endofexp_self_rating_zero: 0.4218614680888918
