results:
  endofexp_other_rating_neg: 0.6802768440524591
  endofexp_other_rating_pos: 0.010430320285135665
  endofexp_other_rating_zero: 0.3092928356624053
  endofexp_p_self_action_press: 0.52
  endofexp_self_rating_neg: 0.9697398864755626
  endofexp_self_rating_pos: 0.00015161227699083036
  endofexp_self_rating_zero: 0.030108501247446632
