results:
  endofexp_other_rating_neg: 0.1996259279905316
  endofexp_other_rating_pos: 0.28574431010547025
  endofexp_other_rating_zero: 0.5146297619039981
  endofexp_p_self_action_press: 0.32
  endofexp_self_rating_neg: 0.9711742820396423
  endofexp_self_rating_pos: 0.0002999822635593611
  endofexp_self_rating_zero: 0.02852573569679848
