results:
  endofexp_other_rating_neg: 0.9552997886900646
  endofexp_other_rating_pos: 0.0005124403340229734
  endofexp_other_rating_zero: 0.04418777097591242
  endofexp_p_self_action_press: 0.08
  endofexp_self_rating_neg: 0.43642821325283637
  endofexp_self_rating_pos: 0.12402083346130062
  endofexp_self_rating_zero: 0.43955095328586313
