results:
  endofexp_other_rating_neg: 0.0002933366032692206
  endofexp_other_rating_pos: 0.9624080544964342
  endofexp_other_rating_zero: 0.037298608900296536
  endofexp_p_self_action_press: 0.08
  endofexp_self_rating_neg: 0.29113734863902146
  endofexp_self_rating_pos: 0.23365597697002394
  endofexp_self_rating_zero: 0.4752066743909545
