results:
  endofexp_other_rating_neg: 0.21699477220687666
  endofexp_other_rating_pos: 0.25814927238042923
  endofexp_other_rating_zero: 0.524855955412694
  endofexp_p_self_action_press: 0.36
  endofexp_self_rating_neg: 0.9770438260445787
  endofexp_self_rating_pos: 0.00017310909037891693
  endofexp_self_rating_zero: 0.022783064865042196
