results:
  endofexp_other_rating_neg: 0.4235527149462802
  endofexp_other_rating_pos: 0.10648396837529353
  endofexp_other_rating_zero: 0.46996331667842617
  endofexp_p_self_action_press: 0.32
  endofexp_self_rating_neg: 0.973212640210313
  endofexp_self_rating_pos: 0.00022592652025443132
  endofexp_self_rating_zero: 0.026561433269432565
