results:
  endofexp_other_rating_neg: 0.015999674079031787
  endofexp_other_rating_pos: 0.8103473935429835
  endofexp_other_rating_zero: 0.17365293237798476
  endofexp_p_self_action_press: 0.08
  endofexp_self_rating_neg: 0.39711665537458535
  endofexp_self_rating_pos: 0.09521325983434142
  endofexp_self_rating_zero: 0.5076700847910733
