results:
  endofexp_other_rating_neg: 0.043968026473543906
  endofexp_other_rating_pos: 0.26037530805905834
  endofexp_other_rating_zero: 0.6956566654673978
  endofexp_p_self_action_press: 0.4
  endofexp_self_rating_neg: 0.9911458546996622
  endofexp_self_rating_pos: 9.508155258136979e-05
  endofexp_self_rating_zero: 0.008759063747756484
