results:
  endofexp_other_rating_neg: 0.9501472406541716
  endofexp_other_rating_pos: 0.0005832500202323453
  endofexp_other_rating_zero: 0.0492695093255961
  endofexp_p_self_action_press: 0.08
  endofexp_self_rating_neg: 0.4719872419507972
  endofexp_self_rating_pos: 0.10395021805621316
  endofexp_self_rating_zero: 0.4240625399929897
