results:
  endofexp_other_rating_neg: 0.11526005386695871
  endofexp_other_rating_pos: 0.3203459941645858
  endofexp_other_rating_zero: 0.5643939519684554
  endofexp_p_self_action_press: 0.36
  endofexp_self_rating_neg: 0.9641220209332682
  endofexp_self_rating_pos: 0.00019487161408131547
  endofexp_self_rating_zero: 0.035683107452650624
