results:
  endofexp_other_rating_neg: 0.0003565818567502001
  endofexp_other_rating_pos: 0.9591185059656525
  endofexp_other_rating_zero: 0.04052491217759738
  endofexp_p_self_action_press: 0.08
  endofexp_self_rating_neg: 0.18069816368175465
  endofexp_self_rating_pos: 0.34960305573710404
  endofexp_self_rating_zero: 0.4696987805811413
