results:
  endofexp_other_rating_neg: 0.2524149928179308
  endofexp_other_rating_pos: 0.22188783123036476
  endofexp_other_rating_zero: 0.5256971759517045
  endofexp_p_self_action_press: 0.64
  endofexp_self_rating_neg: 0.0001806550029338073
  endofexp_self_rating_pos: 0.9769618372960563
  endofexp_self_rating_zero: 0.0228575077010099
