results:
  endofexp_other_rating_neg: 0.12211062645262476
  endofexp_other_rating_pos: 0.5725661830787893
  endofexp_other_rating_zero: 0.30532319046858586
  endofexp_p_self_action_press: 0.52
  endofexp_self_rating_neg: 0.3616711450546735
  endofexp_self_rating_pos: 0.2458363866744293
  endofexp_self_rating_zero: 0.3924924682708973
