results:
  endofexp_other_rating_neg: 0.44532240983485905
  endofexp_other_rating_pos: 0.3305427325135984
  endofexp_other_rating_zero: 0.22413485765154265
  endofexp_p_self_action_press: 0.52
  endofexp_self_rating_neg: 0.2231850032191345
  endofexp_self_rating_pos: 0.5582684858084743
  endofexp_self_rating_zero: 0.21854651097239114
