results:
  endofexp_other_rating_neg: 0.0007005821496035309
  endofexp_other_rating_pos: 0.943411186416334
  endofexp_other_rating_zero: 0.05588823143406235
  endofexp_p_self_action_press: 0.04
  endofexp_self_rating_neg: 0.38618677293763604
  endofexp_self_rating_pos: 0.17393609258388215
  endofexp_self_rating_zero: 0.43987713447848187
