results:
  endofexp_other_rating_neg: 0.160299701196705
  endofexp_other_rating_pos: 0.4447799544677728
  endofexp_other_rating_zero: 0.39492034433552226
  endofexp_p_self_action_press: 0.48
  endofexp_self_rating_neg: 0.3716993667507734
  endofexp_self_rating_pos: 0.23482899277438882
  endofexp_self_rating_zero: 0.39347164047483785
