results:
  endofexp_other_rating_neg: 0.3729253920559615
  endofexp_other_rating_pos: 0.2738281772180015
  endofexp_other_rating_zero: 0.3532464307260369
  endofexp_p_self_action_press: 0.64
  endofexp_self_rating_neg: 5.802700431674257e-06
  endofexp_self_rating_pos: 0.9938130195915986
  endofexp_self_rating_zero: 0.0061811777079698186
