results:
  endofexp_other_rating_neg: 0.5343602069033382
  endofexp_other_rating_pos: 0.045080443443118234
  endofexp_other_rating_zero: 0.4205593496535436
  endofexp_p_self_action_press: 0.64
  endofexp_self_rating_neg: 0.0005384877374453038
  endofexp_self_rating_pos: 0.9521291137609379
  endofexp_self_rating_zero: 0.04733239850161685
