results:
  endofexp_other_rating_neg: 0.5797990865527389
  endofexp_other_rating_pos: 0.043514862726536034
  endofexp_other_rating_zero: 0.3766860507207251
  endofexp_p_self_action_press: 0.28
  endofexp_self_rating_neg: 0.9543041618363801
  endofexp_self_rating_pos: 0.0007557924143924711
  endofexp_self_rating_zero: 0.04494004574922736
