results:
  endofexp_other_rating_neg: 0.2340531847128027
  endofexp_other_rating_pos: 0.2762376989704431
  endofexp_other_rating_zero: 0.4897091163167543
  endofexp_p_self_action_press: 0.32
  endofexp_self_rating_neg: 0.9743517098771938
  endofexp_self_rating_pos: 0.0003543883516261017
  endofexp_self_rating_zero: 0.025293901771180176
