results:
  endofexp_other_rating_neg: 0.009732584609045202
  endofexp_other_rating_pos: 0.8946848699741439
  endofexp_other_rating_zero: 0.09558254541681088
  endofexp_p_self_action_press: 0.08
  endofexp_self_rating_neg: 0.1652470064458579
  endofexp_self_rating_pos: 0.4268630671128237
  endofexp_self_rating_zero: 0.40788992644131844
