results:
  endofexp_other_rating_neg: 0.3959499420572356
  endofexp_other_rating_pos: 0.23455572062785027
  endofexp_other_rating_zero: 0.3694943373149142
  endofexp_p_self_action_press: 0.56
  endofexp_self_rating_neg: 0.1760017066156407
  endofexp_self_rating_pos: 0.4781014249304244
  endofexp_self_rating_zero: 0.3458968684539349
