results:
  endofexp_other_rating_neg: 0.1778891237045847
  endofexp_other_rating_pos: 0.30970810559405804
  endofexp_other_rating_zero: 0.5124027707013573
  endofexp_p_self_action_press: 0.32
  endofexp_self_rating_neg: 0.9726772358203111
  endofexp_self_rating_pos: 0.00026382492754714344
  endofexp_self_rating_zero: 0.027058939252141843
