results:
  endofexp_other_rating_neg: 0.03244700727669936
  endofexp_other_rating_pos: 0.5937130843598247
  endofexp_other_rating_zero: 0.37383990836347597
  endofexp_p_self_action_press: 0.64
  endofexp_self_rating_neg: 0.0001392704595637195
  endofexp_self_rating_pos: 0.9762917817236465
  endofexp_self_rating_zero: 0.02356894781678989
