results:
  endofexp_other_rating_neg: 0.11159553064987988
  endofexp_other_rating_pos: 0.39296184002673296
  endofexp_other_rating_zero: 0.4954426293233872
  endofexp_p_self_action_press: 0.6
  endofexp_self_rating_neg: 0.00012199271883766392
  endofexp_self_rating_pos: 0.9799232631181134
  endofexp_self_rating_zero: 0.019954744163048942
