results:
  endofexp_other_rating_neg: 0.005805301195552682
  endofexp_other_rating_pos: 0.9295002177346253
  endofexp_other_rating_zero: 0.06469448106982183
  endofexp_p_self_action_press: 0.08
  endofexp_self_rating_neg: 0.10388654161489452
  endofexp_self_rating_pos: 0.5197881694215593
  endofexp_self_rating_zero: 0.3763252889635462
