results:
  endofexp_other_rating_neg: 0.20883345981444515
  endofexp_other_rating_pos: 0.2699668972616185
  endofexp_other_rating_zero: 0.5211996429239364
  endofexp_p_self_action_press: 0.6
  endofexp_self_rating_neg: 0.00020666763492746863
  endofexp_self_rating_pos: 0.9743700161990432
  endofexp_self_rating_zero: 0.025423316166029313
