results:
  endofexp_other_rating_neg: 0.25733843003331036
  endofexp_other_rating_pos: 0.22296894053758345
  endofexp_other_rating_zero: 0.5196926294291062
  endofexp_p_self_action_press: 0.64
  endofexp_self_rating_neg: 0.00024033276270249757
  endofexp_self_rating_pos: 0.9739616633605722
  endofexp_self_rating_zero: 0.025798003876725328
