results:
  endofexp_other_rating_neg: 0.33915770248586435
  endofexp_other_rating_pos: 0.29716665277268084
  endofexp_other_rating_zero: 0.3636756447414548
  endofexp_p_self_action_press: 0.44
  endofexp_self_rating_neg: 0.3257590448335035
  endofexp_self_rating_pos: 0.3150735696105677
  endofexp_self_rating_zero: 0.3591673855559288
