results:
  endofexp_other_rating_neg: 0.43520781903567934
  endofexp_other_rating_pos: 0.10806845521432037
  endofexp_other_rating_zero: 0.45672372575000025
  endofexp_p_self_action_press: 0.6
  endofexp_self_rating_neg: 9.391512450465765e-06
  endofexp_self_rating_pos: 0.9886224369654336
  endofexp_self_rating_zero: 0.011368171522115974
