results:
  endofexp_other_rating_neg: 0.8384806495177528
  endofexp_other_rating_pos: 0.009324852800306264
  endofexp_other_rating_zero: 0.15219449768194088
  endofexp_p_self_action_press: 0.12
  endofexp_self_rating_neg: 0.3871190627916164
  endofexp_self_rating_pos: 0.07361643654514588
  endofexp_self_rating_zero: 0.5392645006632376
