results:
  endofexp_other_rating_neg: 0.815775298321897
  endofexp_other_rating_pos: 0.014693158820898703
  endofexp_other_rating_zero: 0.1695315428572044
  endofexp_p_self_action_press: 0.08
  endofexp_self_rating_neg: 0.3921176022690394
  endofexp_self_rating_pos: 0.09012734691445991
  endofexp_self_rating_zero: 0.5177550508165006
