results:
  endofexp_other_rating_neg: 0.22980652317752584
  endofexp_other_rating_pos: 0.16289749876093873
  endofexp_other_rating_zero: 0.6072959780615355
  endofexp_p_self_action_press: 0.28
  endofexp_self_rating_neg: 0.9631813284886729
  endofexp_self_rating_pos: 0.00015433910637776708
  endofexp_self_rating_zero: 0.036664332404949214
