results:
  endofexp_other_rating_neg: 0.4281011991550482
  endofexp_other_rating_pos: 0.21830345260844045
  endofexp_other_rating_zero: 0.35359534823651134
  endofexp_p_self_action_press: 0.52
  endofexp_self_rating_neg: 0.20496112173338235
  endofexp_self_rating_pos: 0.4351711231585632
  endofexp_self_rating_zero: 0.35986775510805447
