results:
  endofexp_other_rating_neg: 0.20498963589142452
  endofexp_other_rating_pos: 0.23897338418091432
  endofexp_other_rating_zero: 0.5560369799276612
  endofexp_p_self_action_press: 0.64
  endofexp_self_rating_neg: 0.00016297242457323315
  endofexp_self_rating_pos: 0.9761627694141068
  endofexp_self_rating_zero: 0.023674258161320027
