results:
  endofexp_other_rating_neg: 0.0002697210587651953
  endofexp_other_rating_pos: 0.971558713269799
  endofexp_other_rating_zero: 0.028171565671435726
  endofexp_p_self_action_press: 0.92
  endofexp_self_rating_neg: 0.04985747020680576
  endofexp_self_rating_pos: 0.6650019901950011
  endofexp_self_rating_zero: 0.28514053959819324
