results:
  endofexp_other_rating_neg: 0.11448957853069437
  endofexp_other_rating_pos: 0.41101134275089585
  endofexp_other_rating_zero: 0.47449907871840985
  endofexp_p_self_action_press: 0.28
  endofexp_self_rating_neg: 0.9711735013517587
  endofexp_self_rating_pos: 0.00027945526197751825
  endofexp_self_rating_zero: 0.0285470433862636
