results:
  endofexp_other_rating_neg: 0.05931248000108471
  endofexp_other_rating_pos: 0.6762208924375794
  endofexp_other_rating_zero: 0.2644666275613358
  endofexp_p_self_action_press: 0.04
  endofexp_self_rating_neg: 0.2393722263292966
  endofexp_self_rating_pos: 0.39881426034819834
  endofexp_self_rating_zero: 0.3618135133225051
