results:
  endofexp_other_rating_neg: 0.29714655198499307
  endofexp_other_rating_pos: 0.35487809771986634
  endofexp_other_rating_zero: 0.3479753502951406
  endofexp_p_self_action_press: 0.32
  endofexp_self_rating_neg: 0.3260595148967278
  endofexp_self_rating_pos: 0.3219939097298764
  endofexp_self_rating_zero: 0.35194657537339585
