results:
  endofexp_other_rating_neg: 0.24829163622539283
  endofexp_other_rating_pos: 0.3829770160945639
  endofexp_other_rating_zero: 0.36873134768004334
  endofexp_p_self_action_press: 0.44
  endofexp_self_rating_neg: 0.2566469790127533
  endofexp_self_rating_pos: 0.393229429805502
  endofexp_self_rating_zero: 0.3501235911817447
