results:
  endofexp_other_rating_neg: 0.00019132261209172768
  endofexp_other_rating_pos: 0.9440120437933045
  endofexp_other_rating_zero: 0.05579663359460375
  endofexp_p_self_action_press: 0.08
  endofexp_self_rating_neg: 0.09774208072811583
  endofexp_self_rating_pos: 0.3940789306126495
  endofexp_self_rating_zero: 0.5081789886592346
