results:
  endofexp_other_rating_neg: 0.11927832368206291
  endofexp_other_rating_pos: 0.4064149192070232
  endofexp_other_rating_zero: 0.47430675711091375
  endofexp_p_self_action_press: 0.28
  endofexp_self_rating_neg: 0.9653593479412897
  endofexp_self_rating_pos: 0.00039319036357428686
  endofexp_self_rating_zero: 0.034247461695135914
