results:
  endofexp_other_rating_neg: 0.2084646328154084
  endofexp_other_rating_pos: 0.2975118989919178
  endofexp_other_rating_zero: 0.49402346819267395
  endofexp_p_self_action_press: 0.32
  endofexp_self_rating_neg: 0.9760862561190967
  endofexp_self_rating_pos: 0.000289334042136655
  endofexp_self_rating_zero: 0.02362440983876679
