results:
  endofexp_other_rating_neg: 0.3452916582783613
  endofexp_other_rating_pos: 0.26737176455080597
  endofexp_other_rating_zero: 0.38733657717083286
  endofexp_p_self_action_press: 0.24
  endofexp_self_rating_neg: 0.7678827922925604
  endofexp_self_rating_pos: 0.024258407472080527
  endofexp_self_rating_zero: 0.20785880023535908
