results:
  endofexp_other_rating_neg: 0.5209955021883793
  endofexp_other_rating_pos: 0.05631986589395466
  endofexp_other_rating_zero: 0.42268463191766603
  endofexp_p_self_action_press: 0.64
  endofexp_self_rating_neg: 0.000234945234731807
  endofexp_self_rating_pos: 0.9709560226334379
  endofexp_self_rating_zero: 0.02880903213183031
