results:
  endofexp_other_rating_neg: 0.24738653958499576
  endofexp_other_rating_pos: 0.19940931900337425
  endofexp_other_rating_zero: 0.55320414141163
  endofexp_p_self_action_press: 0.6
  endofexp_self_rating_neg: 0.00021575066585782045
  endofexp_self_rating_pos: 0.9723644210942818
  endofexp_self_rating_zero: 0.02741982823986052
