results:
  endofexp_other_rating_neg: 0.006674139582482277
  endofexp_other_rating_pos: 0.9178884367282105
  endofexp_other_rating_zero: 0.07543742368930706
  endofexp_p_self_action_press: 0.08
  endofexp_self_rating_neg: 0.05226689986951636
  endofexp_self_rating_pos: 0.6354052912056547
  endofexp_self_rating_zero: 0.312327808924829
