results:
  endofexp_other_rating_neg: 0.19842676653706184
  endofexp_other_rating_pos: 0.30935881634120665
  endofexp_other_rating_zero: 0.49221441712173164
  endofexp_p_self_action_press: 0.36
  endofexp_self_rating_neg: 0.9781925838215069
  endofexp_self_rating_pos: 0.00019178711255953354
  endofexp_self_rating_zero: 0.021615629065933645
