results:
  endofexp_other_rating_neg: 0.6690591996832854
  endofexp_other_rating_pos: 0.06363686063357547
  endofexp_other_rating_zero: 0.26730393968313915
  endofexp_p_self_action_press: 0.04
  endofexp_self_rating_neg: 0.4389988352193998
  endofexp_self_rating_pos: 0.20728437280943168
  endofexp_self_rating_zero: 0.35371679197116845
