results:
  endofexp_other_rating_neg: 0.18761945317837003
  endofexp_other_rating_pos: 0.20254176197763135
  endofexp_other_rating_zero: 0.6098387848439987
  endofexp_p_self_action_press: 0.28
  endofexp_self_rating_neg: 0.9640890430850039
  endofexp_self_rating_pos: 0.000152153775945007
  endofexp_self_rating_zero: 0.035758803139051054
