results:
  endofexp_other_rating_neg: 4.230421226317557e-05
  endofexp_other_rating_pos: 0.9660559696289722
  endofexp_other_rating_zero: 0.0339017261587647
  endofexp_p_self_action_press: 0.88
  endofexp_self_rating_neg: 0.027530099193217625
  endofexp_self_rating_pos: 0.5719283123694919
  endofexp_self_rating_zero: 0.4005415884372904
