results:
  endofexp_other_rating_neg: 0.5815495987273656
  endofexp_other_rating_pos: 0.04007360477888296
  endofexp_other_rating_zero: 0.37837679649375144
  endofexp_p_self_action_press: 0.44
  endofexp_self_rating_neg: 0.9488402559421721
  endofexp_self_rating_pos: 0.0008673379614537309
  endofexp_self_rating_zero: 0.05029240609637416
