results:
  endofexp_other_rating_neg: 0.4228435259446239
  endofexp_other_rating_pos: 0.09905572360474457
  endofexp_other_rating_zero: 0.47810075045063166
  endofexp_p_self_action_press: 0.64
  endofexp_self_rating_neg: 0.00019213949909593483
  endofexp_self_rating_pos: 0.9763684175437715
  endofexp_self_rating_zero: 0.02343944295713265
