results:
  endofexp_other_rating_neg: 0.8079221129463098
  endofexp_other_rating_pos: 0.016165059422764822
  endofexp_other_rating_zero: 0.1759128276309255
  endofexp_p_self_action_press: 0.08
  endofexp_self_rating_neg: 0.47502919304840807
  endofexp_self_rating_pos: 0.06124549124057233
  endofexp_self_rating_zero: 0.46372531571101966
