results:
  endofexp_other_rating_neg: 0.000266705936985792
  endofexp_other_rating_pos: 0.964802603175838
  endofexp_other_rating_zero: 0.034930690887176166
  endofexp_p_self_action_press: 0.12
  endofexp_self_rating_neg: 0.10676617466522684
  endofexp_self_rating_pos: 0.44557475717767675
  endofexp_self_rating_zero: 0.44765906815709655
