results:
  endofexp_other_rating_neg: 0.012993209386188217
  endofexp_other_rating_pos: 0.8235219877674492
  endofexp_other_rating_zero: 0.16348480284636271
  endofexp_p_self_action_press: 0.08
  endofexp_self_rating_neg: 0.22205500412770324
  endofexp_self_rating_pos: 0.19885122842981462
  endofexp_self_rating_zero: 0.5790937674424821
