results:
  endofexp_other_rating_neg: 0.0004315349992340262
  endofexp_other_rating_pos: 0.9560625152015587
  endofexp_other_rating_zero: 0.04350594979920735
  endofexp_p_self_action_press: 0.08
  endofexp_self_rating_neg: 0.34243164486730115
  endofexp_self_rating_pos: 0.19312841682810863
  endofexp_self_rating_zero: 0.4644399383045903
