results:
  endofexp_other_rating_neg: 0.14095084186413276
  endofexp_other_rating_pos: 0.35712452836995673
  endofexp_other_rating_zero: 0.5019246297659106
  endofexp_p_self_action_press: 0.36
  endofexp_self_rating_neg: 0.9726044114095685
  endofexp_self_rating_pos: 0.0002803739104546157
  endofexp_self_rating_zero: 0.027115214679976882
