results:
  endofexp_other_rating_neg: 0.0003301620555298389
  endofexp_other_rating_pos: 0.9352637776527883
  endofexp_other_rating_zero: 0.06440606029168193
  endofexp_p_self_action_press: 0.08
  endofexp_self_rating_neg: 0.3555922766842048
  endofexp_self_rating_pos: 0.11523137036306881
  endofexp_self_rating_zero: 0.5291763529527264
