results:
  endofexp_other_rating_neg: 0.0005374224073698295
  endofexp_other_rating_pos: 0.9528164132877804
  endofexp_other_rating_zero: 0.046646164304849726
  endofexp_p_self_action_press: 0.08
  endofexp_self_rating_neg: 0.24323467438093127
  endofexp_self_rating_pos: 0.2864832845902667
  endofexp_self_rating_zero: 0.4702820410288021
