results:
  endofexp_other_rating_neg: 8.6582982828783e-05
  endofexp_other_rating_pos: 0.9547314788948897
  endofexp_other_rating_zero: 0.045181938122281405
  endofexp_p_self_action_press: 0.88
  endofexp_self_rating_neg: 0.013311316340078302
  endofexp_self_rating_pos: 0.6081301260759765
  endofexp_self_rating_zero: 0.3785585575839452
