results:
  endofexp_other_rating_neg: 0.1670687986145281
  endofexp_other_rating_pos: 0.34490594253131646
  endofexp_other_rating_zero: 0.4880252588541554
  endofexp_p_self_action_press: 0.32
  endofexp_self_rating_neg: 0.9768127703972871
  endofexp_self_rating_pos: 0.00025949767760033486
  endofexp_self_rating_zero: 0.02292773192511248
