results:
  endofexp_other_rating_neg: 0.4061358246194436
  endofexp_other_rating_pos: 0.229543835191285
  endofexp_other_rating_zero: 0.36432034018927156
  endofexp_p_self_action_press: 0.48
  endofexp_self_rating_neg: 0.15132434244800602
  endofexp_self_rating_pos: 0.4614565597541339
  endofexp_self_rating_zero: 0.38721909779785996
