results:
  endofexp_other_rating_neg: 0.793430958044926
  endofexp_other_rating_pos: 0.019278179307851324
  endofexp_other_rating_zero: 0.18729086264722253
  endofexp_p_self_action_press: 0.88
  endofexp_self_rating_neg: 0.007831871428548284
  endofexp_self_rating_pos: 0.7031558998571482
  endofexp_self_rating_zero: 0.2890122287143034
