results:
  endofexp_other_rating_neg: 0.007721071584986663
  endofexp_other_rating_pos: 0.845476506373582
  endofexp_other_rating_zero: 0.14680242204143132
  endofexp_p_self_action_press: 0.12
  endofexp_self_rating_neg: 0.1686000963461998
  endofexp_self_rating_pos: 0.24165635748486836
  endofexp_self_rating_zero: 0.5897435461689318
