results:
  endofexp_other_rating_neg: 0.27266632979880345
  endofexp_other_rating_pos: 0.3433862477502279
  endofexp_other_rating_zero: 0.3839474224509686
  endofexp_p_self_action_press: 0.16
  endofexp_self_rating_neg: 0.761281380678093
  endofexp_self_rating_pos: 0.02689027264132114
  endofexp_self_rating_zero: 0.21182834668058573
