results:
  endofexp_other_rating_neg: 0.35890364119427565
  endofexp_other_rating_pos: 0.2936233874519068
  endofexp_other_rating_zero: 0.34747297135381755
  endofexp_p_self_action_press: 0.48
  endofexp_self_rating_neg: 0.2622052064042906
  endofexp_self_rating_pos: 0.33472837094098695
  endofexp_self_rating_zero: 0.40306642265472237
