results:
  endofexp_other_rating_neg: 0.7973539346593069
  endofexp_other_rating_pos: 0.018098433477084258
  endofexp_other_rating_zero: 0.1845476318636089
  endofexp_p_self_action_press: 0.88
  endofexp_self_rating_neg: 0.01052982371039802
  endofexp_self_rating_pos: 0.6891292425067238
  endofexp_self_rating_zero: 0.30034093378287813
