results:
  endofexp_other_rating_neg: 0.0004987751505239108
  endofexp_other_rating_pos: 0.9507058700528194
  endofexp_other_rating_zero: 0.048795354796656795
  endofexp_p_self_action_press: 0.08
  endofexp_self_rating_neg: 0.45152754490468605
  endofexp_self_rating_pos: 0.1202902954044478
  endofexp_self_rating_zero: 0.4281821596908661
