results:
  endofexp_other_rating_neg: 0.023910361634859593
  endofexp_other_rating_pos: 0.7741111569285238
  endofexp_other_rating_zero: 0.20197848143661642
  endofexp_p_self_action_press: 0.08
  endofexp_self_rating_neg: 0.7258044800041736
  endofexp_self_rating_pos: 0.009992991258924458
  endofexp_self_rating_zero: 0.264202528736902
