results:
  endofexp_other_rating_neg: 0.303877328962737
  endofexp_other_rating_pos: 0.1824738728152205
  endofexp_other_rating_zero: 0.5136487982220425
  endofexp_p_self_action_press: 0.32
  endofexp_self_rating_neg: 0.9734405288301441
  endofexp_self_rating_pos: 0.0002564084621019015
  endofexp_self_rating_zero: 0.026303062707754146
