results:
  endofexp_other_rating_neg: 0.36079916455554656
  endofexp_other_rating_pos: 0.3022732230393437
  endofexp_other_rating_zero: 0.33692761240510977
  endofexp_p_self_action_press: 0.28
  endofexp_self_rating_neg: 0.9889250855018281
  endofexp_self_rating_pos: 5.498015551831196e-05
  endofexp_self_rating_zero: 0.011019934342653668
