results:
  endofexp_other_rating_neg: 0.8211709849105006
  endofexp_other_rating_pos: 0.012954958794833792
  endofexp_other_rating_zero: 0.16587405629466553
  endofexp_p_self_action_press: 0.88
  endofexp_self_rating_neg: 0.04367645788909865
  endofexp_self_rating_pos: 0.5018758514184078
  endofexp_self_rating_zero: 0.45444769069249347
