results:
  endofexp_other_rating_neg: 0.11114755820985955
  endofexp_other_rating_pos: 0.5936404410138473
  endofexp_other_rating_zero: 0.29521200077629334
  endofexp_p_self_action_press: 0.04
  endofexp_self_rating_neg: 0.27828337749471044
  endofexp_self_rating_pos: 0.3666060046461825
  endofexp_self_rating_zero: 0.35511061785910714
