results:
  endofexp_other_rating_neg: 0.1696664871070738
  endofexp_other_rating_pos: 0.32101049048422026
  endofexp_other_rating_zero: 0.5093230224087059
  endofexp_p_self_action_press: 0.32
  endofexp_self_rating_neg: 0.9706092660307504
  endofexp_self_rating_pos: 0.0003113903742729814
  endofexp_self_rating_zero: 0.029079343594976593
