results:
  endofexp_other_rating_neg: 0.409456994383597
  endofexp_other_rating_pos: 0.2621249936845381
  endofexp_other_rating_zero: 0.32841801193186493
  endofexp_p_self_action_press: 0.28
  endofexp_self_rating_neg: 0.992244718114273
  endofexp_self_rating_pos: 3.188715635808211e-05
  endofexp_self_rating_zero: 0.007723394729369046
