results:
  endofexp_other_rating_neg: 0.2713715282044666
  endofexp_other_rating_pos: 0.2134001593953024
  endofexp_other_rating_zero: 0.5152283124002309
  endofexp_p_self_action_press: 0.28
  endofexp_self_rating_neg: 0.9707486585531399
  endofexp_self_rating_pos: 0.000340212657884248
  endofexp_self_rating_zero: 0.028911128788975886
