results:
  endofexp_other_rating_neg: 0.3121687792086752
  endofexp_other_rating_pos: 0.34581504018667963
  endofexp_other_rating_zero: 0.34201618060464517
  endofexp_p_self_action_press: 0.48
  endofexp_self_rating_neg: 0.20398614928577738
  endofexp_self_rating_pos: 0.4508435510383192
  endofexp_self_rating_zero: 0.3451702996759034
