results:
  endofexp_other_rating_neg: 0.35017389262983367
  endofexp_other_rating_pos: 0.2852448386733171
  endofexp_other_rating_zero: 0.36458126869684915
  endofexp_p_self_action_press: 0.36
  endofexp_self_rating_neg: 0.48533906510138736
  endofexp_self_rating_pos: 0.17551450337517202
  endofexp_self_rating_zero: 0.3391464315234407
