results:
  endofexp_other_rating_neg: 0.8052606468953241
  endofexp_other_rating_pos: 0.015944836072685348
  endofexp_other_rating_zero: 0.17879451703199056
  endofexp_p_self_action_press: 0.08
  endofexp_self_rating_neg: 0.4806786619097912
  endofexp_self_rating_pos: 0.04880144267674195
  endofexp_self_rating_zero: 0.47051989541346684
