results:
  endofexp_other_rating_neg: 0.29348839624530443
  endofexp_other_rating_pos: 0.32054414820588534
  endofexp_other_rating_zero: 0.38596745554881023
  endofexp_p_self_action_press: 0.16
  endofexp_self_rating_neg: 0.7604848085540179
  endofexp_self_rating_pos: 0.026991671660527697
  endofexp_self_rating_zero: 0.21252351978545447
