results:
  endofexp_other_rating_neg: 0.0006686613833348051
  endofexp_other_rating_pos: 0.9423656915079153
  endofexp_other_rating_zero: 0.0569656471087499
  endofexp_p_self_action_press: 0.04
  endofexp_self_rating_neg: 0.43832197580905796
  endofexp_self_rating_pos: 0.13604887266322332
  endofexp_self_rating_zero: 0.4256291515277187
