results:
  endofexp_other_rating_neg: 0.9500284911897826
  endofexp_other_rating_pos: 0.00047221527543259796
  endofexp_other_rating_zero: 0.04949929353478477
  endofexp_p_self_action_press: 0.08
  endofexp_self_rating_neg: 0.1203503753408133
  endofexp_self_rating_pos: 0.463504980507724
  endofexp_self_rating_zero: 0.4161446441514627
