results:
  endofexp_other_rating_neg: 0.9434011918803825
  endofexp_other_rating_pos: 0.00035448161835579324
  endofexp_other_rating_zero: 0.05624432650126158
  endofexp_p_self_action_press: 0.08
  endofexp_self_rating_neg: 0.09814947769812163
  endofexp_self_rating_pos: 0.4234730776588763
  endofexp_self_rating_zero: 0.47837744464300197
