results:
  endofexp_other_rating_neg: 0.41297134350498826
  endofexp_other_rating_pos: 0.08103791932902726
  endofexp_other_rating_zero: 0.5059907371659845
  endofexp_p_self_action_press: 0.64
  endofexp_self_rating_neg: 0.00022032265678623283
  endofexp_self_rating_pos: 0.964385470039087
  endofexp_self_rating_zero: 0.03539420730412676
