results:
  endofexp_other_rating_neg: 0.000765616516367293
  endofexp_other_rating_pos: 0.9381677409886391
  endofexp_other_rating_zero: 0.06106664249499374
  endofexp_p_self_action_press: 0.04
  endofexp_self_rating_neg: 0.47511987974279896
  endofexp_self_rating_pos: 0.11242748418819744
  endofexp_self_rating_zero: 0.4124526360690035
