results:
  endofexp_other_rating_neg: 0.00039187532208628643
  endofexp_other_rating_pos: 0.9578891255523035
  endofexp_other_rating_zero: 0.04171899912561016
  endofexp_p_self_action_press: 0.08
  endofexp_self_rating_neg: 0.26227163552682686
  endofexp_self_rating_pos: 0.2612414645252142
  endofexp_self_rating_zero: 0.476486899947959
