results:
  endofexp_other_rating_neg: 0.03633209405902332
  endofexp_other_rating_pos: 0.7389245535378174
  endofexp_other_rating_zero: 0.2247433524031592
  endofexp_p_self_action_press: 0.08
  endofexp_self_rating_neg: 0.8124017277946978
  endofexp_self_rating_pos: 0.003120113118107581
  endofexp_self_rating_zero: 0.1844781590871946
