results:
  endofexp_other_rating_neg: 0.05644849192498462
  endofexp_other_rating_pos: 0.49890492228098393
  endofexp_other_rating_zero: 0.44464658579403143
  endofexp_p_self_action_press: 0.52
  endofexp_self_rating_neg: 0.0004860921820387725
  endofexp_self_rating_pos: 0.9547730192209745
  endofexp_self_rating_zero: 0.0447408885969868
