results:
  endofexp_other_rating_neg: 5.563227577049912e-05
  endofexp_other_rating_pos: 0.9941966838828937
  endofexp_other_rating_zero: 0.0057476838413357805
  endofexp_p_self_action_press: 0.2
  endofexp_self_rating_neg: 0.07883626137665686
  endofexp_self_rating_pos: 0.13518599615588522
  endofexp_self_rating_zero: 0.7859777424674579
