results:
  endofexp_other_rating_neg: 0.9529287765073446
  endofexp_other_rating_pos: 0.00046223893708211483
  endofexp_other_rating_zero: 0.04660898455557329
  endofexp_p_self_action_press: 0.08
  endofexp_self_rating_neg: 0.29167215040362043
  endofexp_self_rating_pos: 0.2388043384309467
  endofexp_self_rating_zero: 0.4695235111654329
