results:
  endofexp_other_rating_neg: 0.8307482955019619
  endofexp_other_rating_pos: 0.011139781124658979
  endofexp_other_rating_zero: 0.1581119233733793
  endofexp_p_self_action_press: 0.08
  endofexp_self_rating_neg: 0.2844805749535551
  endofexp_self_rating_pos: 0.14995784638796184
  endofexp_self_rating_zero: 0.5655615786584831
