results:
  endofexp_other_rating_neg: 0.945033410255599
  endofexp_other_rating_pos: 0.0005820884505432397
  endofexp_other_rating_zero: 0.054384501293857884
  endofexp_p_self_action_press: 0.08
  endofexp_self_rating_neg: 0.07241624121946102
  endofexp_self_rating_pos: 0.5463926448231187
  endofexp_self_rating_zero: 0.3811911139574203
