results:
  endofexp_other_rating_neg: 0.9054492387467419
  endofexp_other_rating_pos: 0.00018224310717627007
  endofexp_other_rating_zero: 0.0943685181460819
  endofexp_p_self_action_press: 0.08
  endofexp_self_rating_neg: 0.23735952614755404
  endofexp_self_rating_pos: 0.1219477984838059
  endofexp_self_rating_zero: 0.64069267536864
