results:
  endofexp_other_rating_neg: 0.0004064072751818645
  endofexp_other_rating_pos: 0.9558768437803145
  endofexp_other_rating_zero: 0.04371674894450373
  endofexp_p_self_action_press: 0.08
  endofexp_self_rating_neg: 0.21545557122770673
  endofexp_self_rating_pos: 0.3227193013300777
  endofexp_self_rating_zero: 0.46182512744221565
