results:
  endofexp_other_rating_neg: 0.960660535584082
  endofexp_other_rating_pos: 0.0002696432441573897
  endofexp_other_rating_zero: 0.039069821171760714
  endofexp_p_self_action_press: 0.92
  endofexp_self_rating_neg: 0.027661562737084568
  endofexp_self_rating_pos: 0.6984453734123519
  endofexp_self_rating_zero: 0.2738930638505635
