results:
  endofexp_other_rating_neg: 0.8444286857705067
  endofexp_other_rating_pos: 0.0013007212331754905
  endofexp_other_rating_zero: 0.15427059299631782
  endofexp_p_self_action_press: 0.12
  endofexp_self_rating_neg: 0.06438292236012332
  endofexp_self_rating_pos: 0.263263376089362
  endofexp_self_rating_zero: 0.6723537015505147
