results:
  endofexp_other_rating_neg: 0.2143833469620021
  endofexp_other_rating_pos: 0.30430259920675523
  endofexp_other_rating_zero: 0.4813140538312426
  endofexp_p_self_action_press: 0.32
  endofexp_self_rating_neg: 0.9764316076294706
  endofexp_self_rating_pos: 0.00030641008823963393
  endofexp_self_rating_zero: 0.02326198228228991
