results:
  endofexp_other_rating_neg: 0.03431690500636229
  endofexp_other_rating_pos: 0.7449684003656446
  endofexp_other_rating_zero: 0.2207146946279931
  endofexp_p_self_action_press: 0.08
  endofexp_self_rating_neg: 0.7146816105353978
  endofexp_self_rating_pos: 0.007807299033986306
  endofexp_self_rating_zero: 0.27751109043061595
