results:
  endofexp_other_rating_neg: 0.1997041720215235
  endofexp_other_rating_pos: 0.539666491217543
  endofexp_other_rating_zero: 0.2606293367609334
  endofexp_p_self_action_press: 0.48
  endofexp_self_rating_neg: 0.41311109755543374
  endofexp_self_rating_pos: 0.21585496663761256
  endofexp_self_rating_zero: 0.37103393580695376
