results:
  endofexp_other_rating_neg: 0.37588665018705586
  endofexp_other_rating_pos: 0.15345958416442623
  endofexp_other_rating_zero: 0.47065376564851785
  endofexp_p_self_action_press: 0.64
  endofexp_self_rating_neg: 3.37547233252157e-06
  endofexp_self_rating_pos: 0.9922305318655196
  endofexp_self_rating_zero: 0.00776609266214781
