results:
  endofexp_other_rating_neg: 0.19410736437158757
  endofexp_other_rating_pos: 0.49724081811513127
  endofexp_other_rating_zero: 0.3086518175132811
  endofexp_p_self_action_press: 0.48
  endofexp_self_rating_neg: 0.38451559799012186
  endofexp_self_rating_pos: 0.2826217303652612
  endofexp_self_rating_zero: 0.33286267164461697
