results:
  endofexp_other_rating_neg: 0.4209713519762471
  endofexp_other_rating_pos: 0.07696937645335727
  endofexp_other_rating_zero: 0.5020592715703958
  endofexp_p_self_action_press: 0.6
  endofexp_self_rating_neg: 0.0002704695773896896
  endofexp_self_rating_pos: 0.9603848845258172
  endofexp_self_rating_zero: 0.03934464589679308
