results:
  endofexp_other_rating_neg: 0.33305021247085115
  endofexp_other_rating_pos: 0.30899481111650723
  endofexp_other_rating_zero: 0.3579549764126416
  endofexp_p_self_action_press: 0.52
  endofexp_self_rating_neg: 0.2246582992446935
  endofexp_self_rating_pos: 0.42529337331395556
  endofexp_self_rating_zero: 0.350048327441351
