results:
  endofexp_other_rating_neg: 0.3351441027377789
  endofexp_other_rating_pos: 0.24700130996090172
  endofexp_other_rating_zero: 0.4178545873013194
  endofexp_p_self_action_press: 0.48
  endofexp_self_rating_neg: 0.32199745282267817
  endofexp_self_rating_pos: 0.3100361867360074
  endofexp_self_rating_zero: 0.3679663604413144
