results:
  endofexp_other_rating_neg: 0.20869021243649336
  endofexp_other_rating_pos: 0.26907640518062487
  endofexp_other_rating_zero: 0.5222333823828819
  endofexp_p_self_action_press: 0.64
  endofexp_self_rating_neg: 0.0001960624401710471
  endofexp_self_rating_pos: 0.9749438356178356
  endofexp_self_rating_zero: 0.024860101941993444
