results:
  endofexp_other_rating_neg: 0.279903010922853
  endofexp_other_rating_pos: 0.3907735951257213
  endofexp_other_rating_zero: 0.3293233939514257
  endofexp_p_self_action_press: 0.28
  endofexp_self_rating_neg: 0.9935952195720633
  endofexp_self_rating_pos: 3.057393973770859e-05
  endofexp_self_rating_zero: 0.006374206488198923
