results:
  endofexp_other_rating_neg: 0.9521933461145419
  endofexp_other_rating_pos: 0.0005662651430883033
  endofexp_other_rating_zero: 0.04724038874236982
  endofexp_p_self_action_press: 0.08
  endofexp_self_rating_neg: 0.23307401060284214
  endofexp_self_rating_pos: 0.2982540331859231
  endofexp_self_rating_zero: 0.46867195621123486
