results:
  endofexp_other_rating_neg: 0.9606664954835342
  endofexp_other_rating_pos: 0.0003114006678808769
  endofexp_other_rating_zero: 0.039022103848584774
  endofexp_p_self_action_press: 0.08
  endofexp_self_rating_neg: 0.24293605319786143
  endofexp_self_rating_pos: 0.2804160123924424
  endofexp_self_rating_zero: 0.47664793440969616
