results:
  endofexp_other_rating_neg: 0.28902948756584573
  endofexp_other_rating_pos: 0.36006996771791566
  endofexp_other_rating_zero: 0.3509005447162386
  endofexp_p_self_action_press: 0.4
  endofexp_self_rating_neg: 0.4434735079103696
  endofexp_self_rating_pos: 0.1778400357941833
  endofexp_self_rating_zero: 0.37868645629544706
