results:
  endofexp_other_rating_neg: 0.3388586079013917
  endofexp_other_rating_pos: 0.31421022053333764
  endofexp_other_rating_zero: 0.3469311715652707
  endofexp_p_self_action_press: 0.64
  endofexp_self_rating_neg: 0.29141090078792525
  endofexp_self_rating_pos: 0.3677776229860351
  endofexp_self_rating_zero: 0.3408114762260397
