results:
  endofexp_other_rating_neg: 0.40277991277858244
  endofexp_other_rating_pos: 0.11696476331430136
  endofexp_other_rating_zero: 0.4802553239071163
  endofexp_p_self_action_press: 0.32
  endofexp_self_rating_neg: 0.9697301790413713
  endofexp_self_rating_pos: 0.0003064885401330496
  endofexp_self_rating_zero: 0.029963332418495678
