results:
  endofexp_other_rating_neg: 0.07105243118413516
  endofexp_other_rating_pos: 0.4962760704181066
  endofexp_other_rating_zero: 0.4326714983977583
  endofexp_p_self_action_press: 0.28
  endofexp_self_rating_neg: 0.965632412838761
  endofexp_self_rating_pos: 0.0004231030395631806
  endofexp_self_rating_zero: 0.03394448412167582
