results:
  endofexp_other_rating_neg: 0.30863541805889033
  endofexp_other_rating_pos: 0.341772749227498
  endofexp_other_rating_zero: 0.34959183271361177
  endofexp_p_self_action_press: 0.44
  endofexp_self_rating_neg: 0.45275381734843023
  endofexp_self_rating_pos: 0.2151873933001325
  endofexp_self_rating_zero: 0.3320587893514373
