results:
  endofexp_other_rating_neg: 0.3898048679969168
  endofexp_other_rating_pos: 0.2257779670977944
  endofexp_other_rating_zero: 0.3844171649052888
  endofexp_p_self_action_press: 0.48
  endofexp_self_rating_neg: 0.1822360890657766
  endofexp_self_rating_pos: 0.4541507265519199
  endofexp_self_rating_zero: 0.36361318438230344
