results:
  endofexp_other_rating_neg: 0.2810515303375953
  endofexp_other_rating_pos: 0.20863986248845373
  endofexp_other_rating_zero: 0.510308607173951
  endofexp_p_self_action_press: 0.36
  endofexp_self_rating_neg: 0.9677522789647024
  endofexp_self_rating_pos: 0.0003901630432089228
  endofexp_self_rating_zero: 0.03185755799208861
