results:
  endofexp_other_rating_neg: 0.008969655385719113
  endofexp_other_rating_pos: 0.9115760111476865
  endofexp_other_rating_zero: 0.07945433346659428
  endofexp_p_self_action_press: 0.08
  endofexp_self_rating_neg: 0.7092369542802142
  endofexp_self_rating_pos: 0.05314931005133834
  endofexp_self_rating_zero: 0.23761373566844746
