results:
  endofexp_other_rating_neg: 0.3832536000887083
  endofexp_other_rating_pos: 0.26960286417014995
  endofexp_other_rating_zero: 0.3471435357411419
  endofexp_p_self_action_press: 0.64
  endofexp_self_rating_neg: 0.3178018238231845
  endofexp_self_rating_pos: 0.3128499637391989
  endofexp_self_rating_zero: 0.3693482124376166
