results:
  endofexp_other_rating_neg: 0.570349151425379
  endofexp_other_rating_pos: 0.1277696027879586
  endofexp_other_rating_zero: 0.3018812457866623
  endofexp_p_self_action_press: 0.44
  endofexp_self_rating_neg: 0.46593035950753736
  endofexp_self_rating_pos: 0.18646363237932642
  endofexp_self_rating_zero: 0.34760600811313613
