results:
  endofexp_other_rating_neg: 0.3343057515416961
  endofexp_other_rating_pos: 0.34521006042800356
  endofexp_other_rating_zero: 0.3204841880303004
  endofexp_p_self_action_press: 0.28
  endofexp_self_rating_neg: 0.9935080231438259
  endofexp_self_rating_pos: 3.047261656425816e-05
  endofexp_self_rating_zero: 0.006461504239609717
