results:
  endofexp_other_rating_neg: 0.4520358670160415
  endofexp_other_rating_pos: 0.20945406123759164
  endofexp_other_rating_zero: 0.3385100717463669
  endofexp_p_self_action_press: 0.44
  endofexp_self_rating_neg: 0.4145367468380211
  endofexp_self_rating_pos: 0.2246274101763294
  endofexp_self_rating_zero: 0.3608358429856494
