results:
  endofexp_other_rating_neg: 0.9445921172475356
  endofexp_other_rating_pos: 0.0005746862188744636
  endofexp_other_rating_zero: 0.054833196533589916
  endofexp_p_self_action_press: 0.08
  endofexp_self_rating_neg: 0.5371893169609563
  endofexp_self_rating_pos: 0.08022889017775608
  endofexp_self_rating_zero: 0.3825817928612877
