results:
  endofexp_other_rating_neg: 0.4017889688564536
  endofexp_other_rating_pos: 0.12061027150768287
  endofexp_other_rating_zero: 0.47760075963586357
  endofexp_p_self_action_press: 0.28
  endofexp_self_rating_neg: 0.9723875488004473
  endofexp_self_rating_pos: 0.00020797407279150894
  endofexp_self_rating_zero: 0.02740447712676096
