results:
  endofexp_other_rating_neg: 0.8598865190302889
  endofexp_other_rating_pos: 0.0020930468770445905
  endofexp_other_rating_zero: 0.13802043409266654
  endofexp_p_self_action_press: 0.84
  endofexp_self_rating_neg: 0.12848243521700486
  endofexp_self_rating_pos: 0.18285036120587111
  endofexp_self_rating_zero: 0.688667203577124
