results:
  endofexp_other_rating_neg: 0.966263927852802
  endofexp_other_rating_pos: 0.00044504729495507437
  endofexp_other_rating_zero: 0.03329102485224283
  endofexp_p_self_action_press: 0.08
  endofexp_self_rating_neg: 0.5749423464004149
  endofexp_self_rating_pos: 0.0928457900920155
  endofexp_self_rating_zero: 0.3322118635075696
