results:
  endofexp_other_rating_neg: 0.4324335131024353
  endofexp_other_rating_pos: 0.11291775554690443
  endofexp_other_rating_zero: 0.45464873135066036
  endofexp_p_self_action_press: 0.32
  endofexp_self_rating_neg: 0.9777088418759922
  endofexp_self_rating_pos: 0.0002335420853199659
  endofexp_self_rating_zero: 0.022057616038687847
