results:
  endofexp_other_rating_neg: 0.6756750886860674
  endofexp_other_rating_pos: 0.058262692623833774
  endofexp_other_rating_zero: 0.2660622186900988
  endofexp_p_self_action_press: 0.04
  endofexp_self_rating_neg: 0.4432182916338265
  endofexp_self_rating_pos: 0.2027999926341047
  endofexp_self_rating_zero: 0.3539817157320688
