results:
  endofexp_other_rating_neg: 0.3225806139642731
  endofexp_other_rating_pos: 0.3175922998411112
  endofexp_other_rating_zero: 0.35982708619461573
  endofexp_p_self_action_press: 0.52
  endofexp_self_rating_neg: 0.3214946913681894
  endofexp_self_rating_pos: 0.3165886074121416
  endofexp_self_rating_zero: 0.3619167012196689
