results:
  endofexp_other_rating_neg: 0.3413824860929383
  endofexp_other_rating_pos: 0.30536711810117445
  endofexp_other_rating_zero: 0.3532503958058873
  endofexp_p_self_action_press: 0.44
  endofexp_self_rating_neg: 0.061488630956755864
  endofexp_self_rating_pos: 0.5830807852458696
  endofexp_self_rating_zero: 0.3554305837973746
