results:
  endofexp_other_rating_neg: 0.00038777722743465163
  endofexp_other_rating_pos: 0.9689791950337981
  endofexp_other_rating_zero: 0.030633027738767114
  endofexp_p_self_action_press: 0.08
  endofexp_self_rating_neg: 0.08755111767721331
  endofexp_self_rating_pos: 0.5884867959447917
  endofexp_self_rating_zero: 0.323962086377995
