results:
  endofexp_other_rating_neg: 0.00025007304803392473
  endofexp_other_rating_pos: 0.9595391160087227
  endofexp_other_rating_zero: 0.040210810943243254
  endofexp_p_self_action_press: 0.08
  endofexp_self_rating_neg: 0.49955315779077086
  endofexp_self_rating_pos: 0.0834606076951683
  endofexp_self_rating_zero: 0.4169862345140608
