results:
  endofexp_other_rating_neg: 0.3069167058723779
  endofexp_other_rating_pos: 0.17657630364433166
  endofexp_other_rating_zero: 0.5165069904832904
  endofexp_p_self_action_press: 0.6
  endofexp_self_rating_neg: 0.000234242275012052
  endofexp_self_rating_pos: 0.9739229856821824
  endofexp_self_rating_zero: 0.025842772042805554
