results:
  endofexp_other_rating_neg: 0.9585550725082538
  endofexp_other_rating_pos: 0.0004644957144777597
  endofexp_other_rating_zero: 0.04098043177726857
  endofexp_p_self_action_press: 0.08
  endofexp_self_rating_neg: 0.6155327737384972
  endofexp_self_rating_pos: 0.06192806442505313
  endofexp_self_rating_zero: 0.3225391618364497
