results:
  endofexp_other_rating_neg: 0.47197198991106926
  endofexp_other_rating_pos: 0.09769702499749056
  endofexp_other_rating_zero: 0.4303309850914402
  endofexp_p_self_action_press: 0.28
  endofexp_self_rating_neg: 0.9725324313051601
  endofexp_self_rating_pos: 0.00045301786873664014
  endofexp_self_rating_zero: 0.027014550826103215
