results:
  endofexp_other_rating_neg: 0.17811353139095323
  endofexp_other_rating_pos: 0.5625478613308592
  endofexp_other_rating_zero: 0.2593386072781876
  endofexp_p_self_action_press: 0.28
  endofexp_self_rating_neg: 0.9921265264564689
  endofexp_self_rating_pos: 8.371637174375631e-05
  endofexp_self_rating_zero: 0.007789757171787193
