results:
  endofexp_other_rating_neg: 0.28494533434727864
  endofexp_other_rating_pos: 0.3636012644221961
  endofexp_other_rating_zero: 0.3514534012305252
  endofexp_p_self_action_press: 0.48
  endofexp_self_rating_neg: 0.069412861047177
  endofexp_self_rating_pos: 0.6363313411527481
  endofexp_self_rating_zero: 0.29425579780007477
