results:
  endofexp_other_rating_neg: 0.5322976811052693
  endofexp_other_rating_pos: 0.031501237959493666
  endofexp_other_rating_zero: 0.436201080935237
  endofexp_p_self_action_press: 0.64
  endofexp_self_rating_neg: 0.00018320862703956475
  endofexp_self_rating_pos: 0.964358655735575
  endofexp_self_rating_zero: 0.03545813563738547
