results:
  endofexp_other_rating_neg: 0.33491466629508015
  endofexp_other_rating_pos: 0.3128447194531601
  endofexp_other_rating_zero: 0.3522406142517597
  endofexp_p_self_action_press: 0.52
  endofexp_self_rating_neg: 0.5101374807132915
  endofexp_self_rating_pos: 0.17021643751951873
  endofexp_self_rating_zero: 0.3196460817671898
