results:
  endofexp_other_rating_neg: 0.3802072341912011
  endofexp_other_rating_pos: 0.1357876405570221
  endofexp_other_rating_zero: 0.4840051252517767
  endofexp_p_self_action_press: 0.32
  endofexp_self_rating_neg: 0.9712363008116667
  endofexp_self_rating_pos: 0.00023098130727265605
  endofexp_self_rating_zero: 0.02853271788106055
