results:
  endofexp_other_rating_neg: 0.3314292895725497
  endofexp_other_rating_pos: 0.3289150122623487
  endofexp_other_rating_zero: 0.33965569816510166
  endofexp_p_self_action_press: 0.4
  endofexp_self_rating_neg: 0.35922864728224413
  endofexp_self_rating_pos: 0.2612473460876605
  endofexp_self_rating_zero: 0.37952400663009533
