results:
  endofexp_other_rating_neg: 0.0011391598993328487
  endofexp_other_rating_pos: 0.8951203822034844
  endofexp_other_rating_zero: 0.10374045789718271
  endofexp_p_self_action_press: 0.04
  endofexp_self_rating_neg: 0.6423375534888673
  endofexp_self_rating_pos: 0.02391601777545784
  endofexp_self_rating_zero: 0.33374642873567484
