results:
  endofexp_other_rating_neg: 0.0808857559085408
  endofexp_other_rating_pos: 0.45651492208120614
  endofexp_other_rating_zero: 0.4625993220102531
  endofexp_p_self_action_press: 0.64
  endofexp_self_rating_neg: 0.00013411659235354202
  endofexp_self_rating_pos: 0.9780312963383323
  endofexp_self_rating_zero: 0.021834587069314116
