results:
  endofexp_other_rating_neg: 0.2962328887232761
  endofexp_other_rating_pos: 0.3709192739882783
  endofexp_other_rating_zero: 0.33284783728844564
  endofexp_p_self_action_press: 0.28
  endofexp_self_rating_neg: 0.9930184003483283
  endofexp_self_rating_pos: 3.298052844034927e-05
  endofexp_self_rating_zero: 0.006948619123231403
