results:
  endofexp_other_rating_neg: 0.15068877998991978
  endofexp_other_rating_pos: 0.35129636016656673
  endofexp_other_rating_zero: 0.4980148598435135
  endofexp_p_self_action_press: 0.64
  endofexp_self_rating_neg: 0.0002778524364110019
  endofexp_self_rating_pos: 0.962028269936365
  endofexp_self_rating_zero: 0.03769387762722402
