results:
  endofexp_other_rating_neg: 0.4206005195973579
  endofexp_other_rating_pos: 0.23955063391604947
  endofexp_other_rating_zero: 0.33984884648659264
  endofexp_p_self_action_press: 0.44
  endofexp_self_rating_neg: 0.34515250179534523
  endofexp_self_rating_pos: 0.3149174092194424
  endofexp_self_rating_zero: 0.3399300889852124
