results:
  endofexp_other_rating_neg: 0.1474458026956957
  endofexp_other_rating_pos: 0.0694290382799565
  endofexp_other_rating_zero: 0.7831251590243478
  endofexp_p_self_action_press: 0.36
  endofexp_self_rating_neg: 0.9936721733857133
  endofexp_self_rating_pos: 5.818732062863274e-05
  endofexp_self_rating_zero: 0.006269639293658065
