results:
  endofexp_other_rating_neg: 0.9569747197271326
  endofexp_other_rating_pos: 0.0004335681934168739
  endofexp_other_rating_zero: 0.042591712079450686
  endofexp_p_self_action_press: 0.08
  endofexp_self_rating_neg: 0.30070219872522685
  endofexp_self_rating_pos: 0.22530532712618764
  endofexp_self_rating_zero: 0.47399247414858536
