results:
  endofexp_other_rating_neg: 0.0008218912354689463
  endofexp_other_rating_pos: 0.9395396715280085
  endofexp_other_rating_zero: 0.05963843723652241
  endofexp_p_self_action_press: 0.04
  endofexp_self_rating_neg: 0.3456040042135227
  endofexp_self_rating_pos: 0.21044460019701378
  endofexp_self_rating_zero: 0.44395139558946356
