results:
  endofexp_other_rating_neg: 0.0002586114595037746
  endofexp_other_rating_pos: 0.963217039388229
  endofexp_other_rating_zero: 0.03652434915226731
  endofexp_p_self_action_press: 0.92
  endofexp_self_rating_neg: 0.029300513269526075
  endofexp_self_rating_pos: 0.6966316702060398
  endofexp_self_rating_zero: 0.27406781652443407
