results:
  endofexp_other_rating_neg: 0.141591567257551
  endofexp_other_rating_pos: 0.3702597099510584
  endofexp_other_rating_zero: 0.4881487227913907
  endofexp_p_self_action_press: 0.68
  endofexp_self_rating_neg: 0.00045088225752407194
  endofexp_self_rating_pos: 0.9639908296619676
  endofexp_self_rating_zero: 0.03555828808050847
