results:
  endofexp_other_rating_neg: 0.9084509892616891
  endofexp_other_rating_pos: 0.0001911438580425913
  endofexp_other_rating_zero: 0.0913578668802683
  endofexp_p_self_action_press: 0.08
  endofexp_self_rating_neg: 0.15676516484517164
  endofexp_self_rating_pos: 0.2119043500569611
  endofexp_self_rating_zero: 0.6313304850978673
