results:
  endofexp_other_rating_neg: 0.08450978433401778
  endofexp_other_rating_pos: 0.46326891595596
  endofexp_other_rating_zero: 0.4522212997100221
  endofexp_p_self_action_press: 0.28
  endofexp_self_rating_neg: 0.9753974697106553
  endofexp_self_rating_pos: 0.00016980965542306862
  endofexp_self_rating_zero: 0.024432720633921646
