results:
  endofexp_other_rating_neg: 0.4409262515481599
  endofexp_other_rating_pos: 0.2398791357845923
  endofexp_other_rating_zero: 0.31919461266724786
  endofexp_p_self_action_press: 0.32
  endofexp_self_rating_neg: 0.8749230718491076
  endofexp_self_rating_pos: 0.0066139669454214544
  endofexp_self_rating_zero: 0.11846296120547085
