results:
  endofexp_other_rating_neg: 0.4595087697785288
  endofexp_other_rating_pos: 0.0424845306350551
  endofexp_other_rating_zero: 0.4980066995864162
  endofexp_p_self_action_press: 0.32
  endofexp_self_rating_neg: 0.9627242943934242
  endofexp_self_rating_pos: 0.0001506473174489376
  endofexp_self_rating_zero: 0.03712505828912672
