results:
  endofexp_other_rating_neg: 0.5799583842327238
  endofexp_other_rating_pos: 0.09001963684419573
  endofexp_other_rating_zero: 0.3300219789230804
  endofexp_p_self_action_press: 0.56
  endofexp_self_rating_neg: 0.43093447543387814
  endofexp_self_rating_pos: 0.1777731013657975
  endofexp_self_rating_zero: 0.3912924232003244
