results:
  endofexp_other_rating_neg: 0.25829705277580345
  endofexp_other_rating_pos: 0.35898432186191065
  endofexp_other_rating_zero: 0.3827186253622859
  endofexp_p_self_action_press: 0.48
  endofexp_self_rating_neg: 0.15489024356122227
  endofexp_self_rating_pos: 0.5213416105751779
  endofexp_self_rating_zero: 0.32376814586359975
