results:
  endofexp_other_rating_neg: 0.00037050988032230115
  endofexp_other_rating_pos: 0.958551630832562
  endofexp_other_rating_zero: 0.041077859287115645
  endofexp_p_self_action_press: 0.08
  endofexp_self_rating_neg: 0.292267914434097
  endofexp_self_rating_pos: 0.2327733629211031
  endofexp_self_rating_zero: 0.47495872264479977
