results:
  endofexp_other_rating_neg: 0.37719694359411776
  endofexp_other_rating_pos: 0.16863825160092025
  endofexp_other_rating_zero: 0.4541648048049619
  endofexp_p_self_action_press: 0.6
  endofexp_self_rating_neg: 1.1737576929605514e-05
  endofexp_self_rating_pos: 0.988679259193567
  endofexp_self_rating_zero: 0.011309003229503466
