results:
  endofexp_other_rating_neg: 0.309759648614489
  endofexp_other_rating_pos: 0.13294451546478386
  endofexp_other_rating_zero: 0.5572958359207272
  endofexp_p_self_action_press: 0.64
  endofexp_self_rating_neg: 0.0001188829467098889
  endofexp_self_rating_pos: 0.9740292456373595
  endofexp_self_rating_zero: 0.02585187141593069
