results:
  endofexp_other_rating_neg: 0.597185628911001
  endofexp_other_rating_pos: 0.10789133233843576
  endofexp_other_rating_zero: 0.2949230387505632
  endofexp_p_self_action_press: 0.04
  endofexp_self_rating_neg: 0.263993341615635
  endofexp_self_rating_pos: 0.382181643615094
  endofexp_self_rating_zero: 0.3538250147692711
