results:
  endofexp_other_rating_neg: 0.10849561689013709
  endofexp_other_rating_pos: 0.5930725268159519
  endofexp_other_rating_zero: 0.29843185629391095
  endofexp_p_self_action_press: 0.48
  endofexp_self_rating_neg: 0.5225013838391522
  endofexp_self_rating_pos: 0.13992471263691342
  endofexp_self_rating_zero: 0.33757390352393435
