results:
  endofexp_other_rating_neg: 0.2994334784925669
  endofexp_other_rating_pos: 0.33083654789057987
  endofexp_other_rating_zero: 0.36972997361685317
  endofexp_p_self_action_press: 0.12
  endofexp_self_rating_neg: 0.6586010218250191
  endofexp_self_rating_pos: 0.0742872951709871
  endofexp_self_rating_zero: 0.2671116830039938
