results:
  endofexp_other_rating_neg: 0.20924709552097895
  endofexp_other_rating_pos: 0.22674204214568097
  endofexp_other_rating_zero: 0.5640108623333401
  endofexp_p_self_action_press: 0.6
  endofexp_self_rating_neg: 0.00018191686651438256
  endofexp_self_rating_pos: 0.972903909013419
  endofexp_self_rating_zero: 0.026914174120066584
