results:
  endofexp_other_rating_neg: 0.23074933244676177
  endofexp_other_rating_pos: 0.1584275283852842
  endofexp_other_rating_zero: 0.6108231391679539
  endofexp_p_self_action_press: 0.32
  endofexp_self_rating_neg: 0.9642951948191144
  endofexp_self_rating_pos: 0.0001688315265962024
  endofexp_self_rating_zero: 0.035535973654289406
