results:
  endofexp_other_rating_neg: 0.1044295727542668
  endofexp_other_rating_pos: 0.3360640621573638
  endofexp_other_rating_zero: 0.5595063650883694
  endofexp_p_self_action_press: 0.68
  endofexp_self_rating_neg: 0.00013828487974024156
  endofexp_self_rating_pos: 0.9656337235111067
  endofexp_self_rating_zero: 0.034227991609152915
