results:
  endofexp_other_rating_neg: 0.3253106120428993
  endofexp_other_rating_pos: 0.13834448475579897
  endofexp_other_rating_zero: 0.5363449032013018
  endofexp_p_self_action_press: 0.64
  endofexp_self_rating_neg: 0.0001694241564719762
  endofexp_self_rating_pos: 0.9761891485986968
  endofexp_self_rating_zero: 0.023641427244831176
