results:
  endofexp_other_rating_neg: 0.9600745402928406
  endofexp_other_rating_pos: 0.00027415857651240903
  endofexp_other_rating_zero: 0.03965130113064722
  endofexp_p_self_action_press: 0.08
  endofexp_self_rating_neg: 0.2767664492459268
  endofexp_self_rating_pos: 0.25460353859236334
  endofexp_self_rating_zero: 0.46863001216170985
