results:
  endofexp_other_rating_neg: 0.0006228285489958697
  endofexp_other_rating_pos: 0.9201403177806761
  endofexp_other_rating_zero: 0.07923685367032808
  endofexp_p_self_action_press: 0.08
  endofexp_self_rating_neg: 0.3900986853317191
  endofexp_self_rating_pos: 0.11022765234193635
  endofexp_self_rating_zero: 0.4996736623263444
