results:
  endofexp_other_rating_neg: 0.7955106435403286
  endofexp_other_rating_pos: 0.0178128149777551
  endofexp_other_rating_zero: 0.18667654148191626
  endofexp_p_self_action_press: 0.88
  endofexp_self_rating_neg: 0.006918393360127591
  endofexp_self_rating_pos: 0.7280709971843927
  endofexp_self_rating_zero: 0.2650106094554796
