results:
  endofexp_other_rating_neg: 0.00025110267290982493
  endofexp_other_rating_pos: 0.9645537044981322
  endofexp_other_rating_zero: 0.03519519282895814
  endofexp_p_self_action_press: 0.12
  endofexp_self_rating_neg: 0.08426865495309484
  endofexp_self_rating_pos: 0.48830501314330105
  endofexp_self_rating_zero: 0.427426331903604
