results:
  endofexp_other_rating_neg: 0.4560741708584571
  endofexp_other_rating_pos: 0.061904578103479935
  endofexp_other_rating_zero: 0.48202125103806315
  endofexp_p_self_action_press: 0.64
  endofexp_self_rating_neg: 0.0001932113661830181
  endofexp_self_rating_pos: 0.9688237923752602
  endofexp_self_rating_zero: 0.030982996258556675
