results:
  endofexp_other_rating_neg: 0.9592994790228602
  endofexp_other_rating_pos: 0.0003451407162193613
  endofexp_other_rating_zero: 0.040355380260920656
  endofexp_p_self_action_press: 0.08
  endofexp_self_rating_neg: 0.24262374756614838
  endofexp_self_rating_pos: 0.2894704171192949
  endofexp_self_rating_zero: 0.46790583531455665
