results:
  endofexp_other_rating_neg: 0.0068161900166304875
  endofexp_other_rating_pos: 0.9212262855378176
  endofexp_other_rating_zero: 0.07195752444555191
  endofexp_p_self_action_press: 0.08
  endofexp_self_rating_neg: 0.05507446847860112
  endofexp_self_rating_pos: 0.6281525811017767
  endofexp_self_rating_zero: 0.3167729504196222
