results:
  endofexp_other_rating_neg: 0.6813207741220483
  endofexp_other_rating_pos: 0.055426157820348605
  endofexp_other_rating_zero: 0.26325306805760307
  endofexp_p_self_action_press: 0.04
  endofexp_self_rating_neg: 0.41054722387007564
  endofexp_self_rating_pos: 0.2319810701696282
  endofexp_self_rating_zero: 0.3574717059602962
