results:
  endofexp_other_rating_neg: 0.3388260403732287
  endofexp_other_rating_pos: 0.3134728910038979
  endofexp_other_rating_zero: 0.3477010686228733
  endofexp_p_self_action_press: 0.56
  endofexp_self_rating_neg: 0.3927849457218559
  endofexp_self_rating_pos: 0.27140720234777294
  endofexp_self_rating_zero: 0.33580785193037116
