results:
  endofexp_other_rating_neg: 0.40867039590729365
  endofexp_other_rating_pos: 0.11643551093411898
  endofexp_other_rating_zero: 0.4748940931585873
  endofexp_p_self_action_press: 0.28
  endofexp_self_rating_neg: 0.9652656095119636
  endofexp_self_rating_pos: 0.0004347450213597888
  endofexp_self_rating_zero: 0.03429964546667667
