results:
  endofexp_other_rating_neg: 0.9830227269910466
  endofexp_other_rating_pos: 0.0002445219195727468
  endofexp_other_rating_zero: 0.016732751089380563
  endofexp_p_self_action_press: 0.12
  endofexp_self_rating_neg: 0.5371978152286052
  endofexp_self_rating_pos: 0.15222781608797786
  endofexp_self_rating_zero: 0.310574368683417
