results:
  endofexp_other_rating_neg: 0.0006969457247567574
  endofexp_other_rating_pos: 0.9433913139758842
  endofexp_other_rating_zero: 0.055911740299358935
  endofexp_p_self_action_press: 0.04
  endofexp_self_rating_neg: 0.35753583044575654
  endofexp_self_rating_pos: 0.19899882071421676
  endofexp_self_rating_zero: 0.4434653488400267
