results:
  endofexp_other_rating_neg: 0.23240849004453562
  endofexp_other_rating_pos: 0.40749264925978995
  endofexp_other_rating_zero: 0.36009886069567454
  endofexp_p_self_action_press: 0.48
  endofexp_self_rating_neg: 0.33349537349709074
  endofexp_self_rating_pos: 0.29821283335312854
  endofexp_self_rating_zero: 0.3682917931497808
