results:
  endofexp_other_rating_neg: 0.11284669737091306
  endofexp_other_rating_pos: 0.3342218591536084
  endofexp_other_rating_zero: 0.5529314434754786
  endofexp_p_self_action_press: 0.68
  endofexp_self_rating_neg: 0.00020232638681353765
  endofexp_self_rating_pos: 0.9594337054776131
  endofexp_self_rating_zero: 0.0403639681355733
