results:
  endofexp_other_rating_neg: 0.39593650029566185
  endofexp_other_rating_pos: 0.26305556585071715
  endofexp_other_rating_zero: 0.3410079338536209
  endofexp_p_self_action_press: 0.44
  endofexp_self_rating_neg: 0.33775507296699303
  endofexp_self_rating_pos: 0.30483920249092616
  endofexp_self_rating_zero: 0.3574057245420808
