results:
  endofexp_other_rating_neg: 0.4609868765661312
  endofexp_other_rating_pos: 0.20377744269364267
  endofexp_other_rating_zero: 0.33523568074022614
  endofexp_p_self_action_press: 0.44
  endofexp_self_rating_neg: 0.3897594517082977
  endofexp_self_rating_pos: 0.21151911461856954
  endofexp_self_rating_zero: 0.39872143367313284
