results:
  endofexp_other_rating_neg: 0.3386579587147068
  endofexp_other_rating_pos: 0.3132424446074415
  endofexp_other_rating_zero: 0.3480995966778517
  endofexp_p_self_action_press: 0.48
  endofexp_self_rating_neg: 0.25310279915999623
  endofexp_self_rating_pos: 0.359396432694575
  endofexp_self_rating_zero: 0.3875007681454287
