results:
  endofexp_other_rating_neg: 0.3432963208668451
  endofexp_other_rating_pos: 0.29284051925829846
  endofexp_other_rating_zero: 0.3638631598748564
  endofexp_p_self_action_press: 0.4
  endofexp_self_rating_neg: 0.24215954409302626
  endofexp_self_rating_pos: 0.2755707552009159
  endofexp_self_rating_zero: 0.4822697007060579
