results:
  endofexp_other_rating_neg: 0.057882959746394826
  endofexp_other_rating_pos: 0.6795930371085528
  endofexp_other_rating_zero: 0.2625240031450524
  endofexp_p_self_action_press: 0.04
  endofexp_self_rating_neg: 0.2659754742602954
  endofexp_self_rating_pos: 0.3691773275894133
  endofexp_self_rating_zero: 0.36484719815029143
