results:
  endofexp_other_rating_neg: 0.18355350706667198
  endofexp_other_rating_pos: 0.5167322595343001
  endofexp_other_rating_zero: 0.2997142333990278
  endofexp_p_self_action_press: 0.4
  endofexp_self_rating_neg: 0.3744308166319729
  endofexp_self_rating_pos: 0.14301904695940462
  endofexp_self_rating_zero: 0.48255013640862254
