results:
  endofexp_other_rating_neg: 0.23793153304774106
  endofexp_other_rating_pos: 0.2868407822858888
  endofexp_other_rating_zero: 0.47522768466637005
  endofexp_p_self_action_press: 0.28
  endofexp_self_rating_neg: 0.9738945856007915
  endofexp_self_rating_pos: 0.00032855430015498767
  endofexp_self_rating_zero: 0.025776860099053694
