results:
  endofexp_other_rating_neg: 0.3577613552562083
  endofexp_other_rating_pos: 0.16569352333178802
  endofexp_other_rating_zero: 0.4765451214120037
  endofexp_p_self_action_press: 0.32
  endofexp_self_rating_neg: 0.9768587514978004
  endofexp_self_rating_pos: 0.00032979886470491294
  endofexp_self_rating_zero: 0.022811449637494645
