results:
  endofexp_other_rating_neg: 0.353074459438072
  endofexp_other_rating_pos: 0.15813540170775256
  endofexp_other_rating_zero: 0.48879013885417555
  endofexp_p_self_action_press: 0.28
  endofexp_self_rating_neg: 0.9590932682364549
  endofexp_self_rating_pos: 0.0006538299427972991
  endofexp_self_rating_zero: 0.040252901820747686
