results:
  endofexp_other_rating_neg: 0.3019159690985298
  endofexp_other_rating_pos: 0.3021839493795606
  endofexp_other_rating_zero: 0.3959000815219096
  endofexp_p_self_action_press: 0.44
  endofexp_self_rating_neg: 0.449225650929375
  endofexp_self_rating_pos: 0.1492613021201542
  endofexp_self_rating_zero: 0.40151304695047085
