results:
  endofexp_other_rating_neg: 0.0003960259494118387
  endofexp_other_rating_pos: 0.956958619864885
  endofexp_other_rating_zero: 0.042645354185703206
  endofexp_p_self_action_press: 0.08
  endofexp_self_rating_neg: 0.37888013364398765
  endofexp_self_rating_pos: 0.16887106657481502
  endofexp_self_rating_zero: 0.45224879978119725
