results:
  endofexp_other_rating_neg: 0.31327211078179035
  endofexp_other_rating_pos: 0.34475801077599166
  endofexp_other_rating_zero: 0.3419698784422179
  endofexp_p_self_action_press: 0.44
  endofexp_self_rating_neg: 0.5526398524272431
  endofexp_self_rating_pos: 0.07387540027315574
  endofexp_self_rating_zero: 0.373484747299601
