results:
  endofexp_other_rating_neg: 0.11207441913186661
  endofexp_other_rating_pos: 0.5700356731385456
  endofexp_other_rating_zero: 0.31788990772958775
  endofexp_p_self_action_press: 0.56
  endofexp_self_rating_neg: 0.34429176822750684
  endofexp_self_rating_pos: 0.28984040200435635
  endofexp_self_rating_zero: 0.3658678297681368
