results:
  endofexp_other_rating_neg: 0.5923553489133202
  endofexp_other_rating_pos: 0.11050570776687364
  endofexp_other_rating_zero: 0.2971389433198061
  endofexp_p_self_action_press: 0.04
  endofexp_self_rating_neg: 0.42085244835817814
  endofexp_self_rating_pos: 0.2292290744237398
  endofexp_self_rating_zero: 0.34991847721808206
