results:
  endofexp_other_rating_neg: 0.4717316916527526
  endofexp_other_rating_pos: 0.15103106023221854
  endofexp_other_rating_zero: 0.3772372481150289
  endofexp_p_self_action_press: 0.56
  endofexp_self_rating_neg: 0.20459048849395148
  endofexp_self_rating_pos: 0.4664698871621829
  endofexp_self_rating_zero: 0.32893962434386564
