results:
  endofexp_other_rating_neg: 0.30800580961079543
  endofexp_other_rating_pos: 0.21751891911356938
  endofexp_other_rating_zero: 0.47447527127563516
  endofexp_p_self_action_press: 0.32
  endofexp_self_rating_neg: 0.9791332682322375
  endofexp_self_rating_pos: 0.0001963196380671273
  endofexp_self_rating_zero: 0.020670412129695344
