results:
  endofexp_other_rating_neg: 0.26317222160623654
  endofexp_other_rating_pos: 0.21322333953876915
  endofexp_other_rating_zero: 0.5236044388549943
  endofexp_p_self_action_press: 0.56
  endofexp_self_rating_neg: 0.00017494408609037995
  endofexp_self_rating_pos: 0.9767418444987306
  endofexp_self_rating_zero: 0.023083211415179234
