results:
  endofexp_other_rating_neg: 0.24122776906946516
  endofexp_other_rating_pos: 0.25008866941491475
  endofexp_other_rating_zero: 0.50868356151562
  endofexp_p_self_action_press: 0.28
  endofexp_self_rating_neg: 0.9691749587215985
  endofexp_self_rating_pos: 0.0002417329707362748
  endofexp_self_rating_zero: 0.030583308307665195
