results:
  endofexp_other_rating_neg: 0.9939851927942807
  endofexp_other_rating_pos: 7.025069244747418e-05
  endofexp_other_rating_zero: 0.005944556513271844
  endofexp_p_self_action_press: 0.24
  endofexp_self_rating_neg: 0.017618912376600394
  endofexp_self_rating_pos: 0.45299774884949007
  endofexp_self_rating_zero: 0.5293833387739095
