results:
  endofexp_other_rating_neg: 0.3191536735280132
  endofexp_other_rating_pos: 0.3376233810986756
  endofexp_other_rating_zero: 0.34322294537331116
  endofexp_p_self_action_press: 0.44
  endofexp_self_rating_neg: 0.305218464485475
  endofexp_self_rating_pos: 0.29302891430499384
  endofexp_self_rating_zero: 0.4017526212095312
