results:
  endofexp_other_rating_neg: 0.318489847536385
  endofexp_other_rating_pos: 0.31283166191155304
  endofexp_other_rating_zero: 0.3686784905520619
  endofexp_p_self_action_press: 0.12
  endofexp_self_rating_neg: 0.6516804265834498
  endofexp_self_rating_pos: 0.07877680921157736
  endofexp_self_rating_zero: 0.269542764204973
