results:
  endofexp_other_rating_neg: 0.9718308375120088
  endofexp_other_rating_pos: 0.0005960432942587484
  endofexp_other_rating_zero: 0.027573119193732423
  endofexp_p_self_action_press: 0.92
  endofexp_self_rating_neg: 0.1184347929843643
  endofexp_self_rating_pos: 0.5860777137885801
  endofexp_self_rating_zero: 0.29548749322705564
