results:
  endofexp_other_rating_neg: 0.9521211330107572
  endofexp_other_rating_pos: 0.0005129899910712233
  endofexp_other_rating_zero: 0.04736587699817176
  endofexp_p_self_action_press: 0.08
  endofexp_self_rating_neg: 0.2192202498018207
  endofexp_self_rating_pos: 0.3190628254137617
  endofexp_self_rating_zero: 0.4617169247844177
