results:
  endofexp_other_rating_neg: 0.3542301415199365
  endofexp_other_rating_pos: 0.14152562974120372
  endofexp_other_rating_zero: 0.5042442287388598
  endofexp_p_self_action_press: 0.64
  endofexp_self_rating_neg: 0.0001790199550555833
  endofexp_self_rating_pos: 0.975205249936357
  endofexp_self_rating_zero: 0.024615730108587277
