results:
  endofexp_other_rating_neg: 0.11045358966229542
  endofexp_other_rating_pos: 0.5942276000735248
  endofexp_other_rating_zero: 0.29531881026417967
  endofexp_p_self_action_press: 0.04
  endofexp_self_rating_neg: 0.27139984699908004
  endofexp_self_rating_pos: 0.37479673625088356
  endofexp_self_rating_zero: 0.35380341675003646
