results:
  endofexp_other_rating_neg: 0.36218363957995553
  endofexp_other_rating_pos: 0.2942869131584595
  endofexp_other_rating_zero: 0.3435294472615851
  endofexp_p_self_action_press: 0.52
  endofexp_self_rating_neg: 0.3205895740583727
  endofexp_self_rating_pos: 0.3146791547487768
  endofexp_self_rating_zero: 0.3647312711928505
