results:
  endofexp_other_rating_neg: 0.000499500564976352
  endofexp_other_rating_pos: 0.9436984168121906
  endofexp_other_rating_zero: 0.05580208262283318
  endofexp_p_self_action_press: 0.08
  endofexp_self_rating_neg: 0.5677816220153206
  endofexp_self_rating_pos: 0.0668338793840014
  endofexp_self_rating_zero: 0.36538449860067806
