results:
  endofexp_other_rating_neg: 0.0003648279854672703
  endofexp_other_rating_pos: 0.9492428750560639
  endofexp_other_rating_zero: 0.05039229695846883
  endofexp_p_self_action_press: 0.88
  endofexp_self_rating_neg: 0.042239795537013056
  endofexp_self_rating_pos: 0.6162409861877076
  endofexp_self_rating_zero: 0.34151921827527926
