results:
  endofexp_other_rating_neg: 0.12232605954752365
  endofexp_other_rating_pos: 0.5313037101066567
  endofexp_other_rating_zero: 0.34637023034581976
  endofexp_p_self_action_press: 0.56
  endofexp_self_rating_neg: 0.364476853236447
  endofexp_self_rating_pos: 0.26644371838825326
  endofexp_self_rating_zero: 0.3690794283752996
