results:
  endofexp_other_rating_neg: 0.34894396935777067
  endofexp_other_rating_pos: 0.27731344058909724
  endofexp_other_rating_zero: 0.37374259005313204
  endofexp_p_self_action_press: 0.48
  endofexp_self_rating_neg: 0.24651562143850284
  endofexp_self_rating_pos: 0.403650188548718
  endofexp_self_rating_zero: 0.3498341900127791
