results:
  endofexp_other_rating_neg: 0.0004194003935594364
  endofexp_other_rating_pos: 0.9564852056043228
  endofexp_other_rating_zero: 0.04309539400211772
  endofexp_p_self_action_press: 0.08
  endofexp_self_rating_neg: 0.39449652844631333
  endofexp_self_rating_pos: 0.15435647378448916
  endofexp_self_rating_zero: 0.4511469977691975
