results:
  endofexp_other_rating_neg: 0.3421349180759676
  endofexp_other_rating_pos: 0.28898402846651544
  endofexp_other_rating_zero: 0.3688810534575169
  endofexp_p_self_action_press: 0.4
  endofexp_self_rating_neg: 0.3021966634332233
  endofexp_self_rating_pos: 0.32055409527619305
  endofexp_self_rating_zero: 0.3772492412905836
