results:
  endofexp_other_rating_neg: 0.013348879805040605
  endofexp_other_rating_pos: 0.8218355546999996
  endofexp_other_rating_zero: 0.16481556549496
  endofexp_p_self_action_press: 0.08
  endofexp_self_rating_neg: 0.2440885863038823
  endofexp_self_rating_pos: 0.17981540107765798
  endofexp_self_rating_zero: 0.5760960126184597
