results:
  endofexp_other_rating_neg: 0.4721970508104336
  endofexp_other_rating_pos: 0.07449249403405069
  endofexp_other_rating_zero: 0.45331045515551577
  endofexp_p_self_action_press: 0.64
  endofexp_self_rating_neg: 0.000269886963163298
  endofexp_self_rating_pos: 0.9713502106956312
  endofexp_self_rating_zero: 0.028379902341205444
