results:
  endofexp_other_rating_neg: 0.38676766873371615
  endofexp_other_rating_pos: 0.1339419966659649
  endofexp_other_rating_zero: 0.4792903346003189
  endofexp_p_self_action_press: 0.28
  endofexp_self_rating_neg: 0.9545137258143657
  endofexp_self_rating_pos: 0.0008344787489421181
  endofexp_self_rating_zero: 0.0446517954366922
