results:
  endofexp_other_rating_neg: 0.11036004826400544
  endofexp_other_rating_pos: 0.5927282076735567
  endofexp_other_rating_zero: 0.2969117440624378
  endofexp_p_self_action_press: 0.04
  endofexp_self_rating_neg: 0.40261106008914593
  endofexp_self_rating_pos: 0.24730111548330663
  endofexp_self_rating_zero: 0.35008782442754754
