results:
  endofexp_other_rating_neg: 0.0002066813851713429
  endofexp_other_rating_pos: 0.9699386428344311
  endofexp_other_rating_zero: 0.02985467578039748
  endofexp_p_self_action_press: 0.92
  endofexp_self_rating_neg: 0.03429716809365202
  endofexp_self_rating_pos: 0.6898654079860668
  endofexp_self_rating_zero: 0.2758374239202811
