results:
  endofexp_other_rating_neg: 0.6814029203075161
  endofexp_other_rating_pos: 0.05686055736344318
  endofexp_other_rating_zero: 0.26173652232904077
  endofexp_p_self_action_press: 0.04
  endofexp_self_rating_neg: 0.2497905059382798
  endofexp_self_rating_pos: 0.38728348109406036
  endofexp_self_rating_zero: 0.3629260129676597
