results:
  endofexp_other_rating_neg: 0.942125624306379
  endofexp_other_rating_pos: 0.0002310706892530132
  endofexp_other_rating_zero: 0.057643305004368
  endofexp_p_self_action_press: 0.08
  endofexp_self_rating_neg: 0.0963045650545529
  endofexp_self_rating_pos: 0.39362157986711566
  endofexp_self_rating_zero: 0.5100738550783315
