results:
  endofexp_other_rating_neg: 0.5679736979590948
  endofexp_other_rating_pos: 0.11102623317170537
  endofexp_other_rating_zero: 0.3210000688691998
  endofexp_p_self_action_press: 0.44
  endofexp_self_rating_neg: 0.47085574034913635
  endofexp_self_rating_pos: 0.1956079714156824
  endofexp_self_rating_zero: 0.33353628823518133
