results:
  endofexp_other_rating_neg: 0.41633607968897035
  endofexp_other_rating_pos: 0.12125523316858663
  endofexp_other_rating_zero: 0.4624086871424429
  endofexp_p_self_action_press: 0.32
  endofexp_self_rating_neg: 0.9739630646317573
  endofexp_self_rating_pos: 0.00036294010506790784
  endofexp_self_rating_zero: 0.025673995263174813
