results:
  endofexp_other_rating_neg: 0.0001786222716464302
  endofexp_other_rating_pos: 0.9128770442978174
  endofexp_other_rating_zero: 0.0869443334305362
  endofexp_p_self_action_press: 0.08
  endofexp_self_rating_neg: 0.1654027033255317
  endofexp_self_rating_pos: 0.19895044099803608
  endofexp_self_rating_zero: 0.6356468556764322
