results:
  endofexp_other_rating_neg: 0.42857984392291026
  endofexp_other_rating_pos: 0.22505219073849256
  endofexp_other_rating_zero: 0.34636796533859704
  endofexp_p_self_action_press: 0.28
  endofexp_self_rating_neg: 0.9947017209732811
  endofexp_self_rating_pos: 4.5384597217115176e-06
  endofexp_self_rating_zero: 0.005293740566997209
