results:
  endofexp_other_rating_neg: 0.9716392179618408
  endofexp_other_rating_pos: 0.00026728838782765234
  endofexp_other_rating_zero: 0.02809349365033165
  endofexp_p_self_action_press: 0.08
  endofexp_self_rating_neg: 0.11798571321857636
  endofexp_self_rating_pos: 0.551713871392801
  endofexp_self_rating_zero: 0.3303004153886225
