results:
  endofexp_other_rating_neg: 0.00021635011120681616
  endofexp_other_rating_pos: 0.9444280100124013
  endofexp_other_rating_zero: 0.05535563987639202
  endofexp_p_self_action_press: 0.04
  endofexp_self_rating_neg: 0.6348184638123542
  endofexp_self_rating_pos: 0.032278446407715
  endofexp_self_rating_zero: 0.33290308977993094
