results:
  endofexp_other_rating_neg: 0.008459849061899635
  endofexp_other_rating_pos: 0.83741823184793
  endofexp_other_rating_zero: 0.15412191909017042
  endofexp_p_self_action_press: 0.12
  endofexp_self_rating_neg: 0.1970460971656621
  endofexp_self_rating_pos: 0.23010907461859698
  endofexp_self_rating_zero: 0.5728448282157409
