results:
  endofexp_other_rating_neg: 0.17403573489785434
  endofexp_other_rating_pos: 0.4332644404710755
  endofexp_other_rating_zero: 0.39269982463107006
  endofexp_p_self_action_press: 0.44
  endofexp_self_rating_neg: 0.7227256255361824
  endofexp_self_rating_pos: 0.04377985598853913
  endofexp_self_rating_zero: 0.23349451847527855
