results:
  endofexp_other_rating_neg: 0.8273233049584388
  endofexp_other_rating_pos: 0.0003154233365954747
  endofexp_other_rating_zero: 0.17236127170496574
  endofexp_p_self_action_press: 0.12
  endofexp_self_rating_neg: 0.005896118237490454
  endofexp_self_rating_pos: 0.5488691884889011
  endofexp_self_rating_zero: 0.44523469327360843
