results:
  endofexp_other_rating_neg: 0.37930321786535065
  endofexp_other_rating_pos: 0.23514334798059044
  endofexp_other_rating_zero: 0.38555343415405896
  endofexp_p_self_action_press: 0.2
  endofexp_self_rating_neg: 0.7663324863269833
  endofexp_self_rating_pos: 0.025437183248374476
  endofexp_self_rating_zero: 0.20823033042464226
