results:
  endofexp_other_rating_neg: 0.3007290976570874
  endofexp_other_rating_pos: 0.37119322729269044
  endofexp_other_rating_zero: 0.32807767505022223
  endofexp_p_self_action_press: 0.28
  endofexp_self_rating_neg: 0.9930641312452817
  endofexp_self_rating_pos: 2.9215869614120765e-05
  endofexp_self_rating_zero: 0.0069066528851041255
