results:
  endofexp_other_rating_neg: 0.2593162143577545
  endofexp_other_rating_pos: 0.4000580742857911
  endofexp_other_rating_zero: 0.34062571135645436
  endofexp_p_self_action_press: 0.28
  endofexp_self_rating_neg: 0.3557764231413367
  endofexp_self_rating_pos: 0.26436718910262175
  endofexp_self_rating_zero: 0.37985638775604147
