results:
  endofexp_other_rating_neg: 0.000302925753710663
  endofexp_other_rating_pos: 0.9571812875715927
  endofexp_other_rating_zero: 0.04251578667469671
  endofexp_p_self_action_press: 0.08
  endofexp_self_rating_neg: 0.326862581735149
  endofexp_self_rating_pos: 0.20956257849242263
  endofexp_self_rating_zero: 0.46357483977242836
