results:
  endofexp_other_rating_neg: 0.9226041661524657
  endofexp_other_rating_pos: 0.0003142163000244429
  endofexp_other_rating_zero: 0.07708161754750995
  endofexp_p_self_action_press: 0.08
  endofexp_self_rating_neg: 0.3864525052408822
  endofexp_self_rating_pos: 0.11157369532100024
  endofexp_self_rating_zero: 0.5019737994381175
