results:
  endofexp_other_rating_neg: 0.0011520601674922127
  endofexp_other_rating_pos: 0.9178605909933837
  endofexp_other_rating_zero: 0.08098734883912395
  endofexp_p_self_action_press: 0.08
  endofexp_self_rating_neg: 0.5239441002177669
  endofexp_self_rating_pos: 0.0698878053325715
  endofexp_self_rating_zero: 0.4061680944496615
