results:
  endofexp_other_rating_neg: 0.26536589606417094
  endofexp_other_rating_pos: 0.3679477946182848
  endofexp_other_rating_zero: 0.3666863093175442
  endofexp_p_self_action_press: 0.4
  endofexp_self_rating_neg: 0.29215769829305827
  endofexp_self_rating_pos: 0.35090340635596573
  endofexp_self_rating_zero: 0.35693889535097595
