results:
  endofexp_other_rating_neg: 0.0002958111116952245
  endofexp_other_rating_pos: 0.9576205590181821
  endofexp_other_rating_zero: 0.042083629870122694
  endofexp_p_self_action_press: 0.08
  endofexp_self_rating_neg: 0.09053716675055752
  endofexp_self_rating_pos: 0.5025152865397253
  endofexp_self_rating_zero: 0.4069475467097172
