results:
  endofexp_other_rating_neg: 0.29439966357787556
  endofexp_other_rating_pos: 0.1844761268569554
  endofexp_other_rating_zero: 0.521124209565169
  endofexp_p_self_action_press: 0.64
  endofexp_self_rating_neg: 0.0001432902911516419
  endofexp_self_rating_pos: 0.9786463935635193
  endofexp_self_rating_zero: 0.021210316145328992
