results:
  endofexp_other_rating_neg: 0.4319594126983019
  endofexp_other_rating_pos: 0.21394491788126604
  endofexp_other_rating_zero: 0.35409566942043197
  endofexp_p_self_action_press: 0.48
  endofexp_self_rating_neg: 0.531052739626841
  endofexp_self_rating_pos: 0.11013023421009083
  endofexp_self_rating_zero: 0.35881702616306826
