results:
  endofexp_other_rating_neg: 0.014361696541178463
  endofexp_other_rating_pos: 0.8168341044353004
  endofexp_other_rating_zero: 0.16880419902352103
  endofexp_p_self_action_press: 0.08
  endofexp_self_rating_neg: 0.36507312741947656
  endofexp_self_rating_pos: 0.11330156987828696
  endofexp_self_rating_zero: 0.5216253027022365
