results:
  endofexp_other_rating_neg: 0.3287046971995869
  endofexp_other_rating_pos: 0.1675130406674451
  endofexp_other_rating_zero: 0.5037822621329681
  endofexp_p_self_action_press: 0.32
  endofexp_self_rating_neg: 0.9740438265784487
  endofexp_self_rating_pos: 0.00020805239170644055
  endofexp_self_rating_zero: 0.025748121029844747
