results:
  endofexp_other_rating_neg: 0.9524195735683761
  endofexp_other_rating_pos: 0.0004999826878691629
  endofexp_other_rating_zero: 0.04708044374375477
  endofexp_p_self_action_press: 0.08
  endofexp_self_rating_neg: 0.39474340248942974
  endofexp_self_rating_pos: 0.15690015063928336
  endofexp_self_rating_zero: 0.4483564468712868
