results:
  endofexp_other_rating_neg: 0.0003070311008521432
  endofexp_other_rating_pos: 0.976357111900715
  endofexp_other_rating_zero: 0.023335856998432845
  endofexp_p_self_action_press: 0.88
  endofexp_self_rating_neg: 0.667061766765451
  endofexp_self_rating_pos: 0.0641967609328278
  endofexp_self_rating_zero: 0.26874147230172124
