results:
  endofexp_other_rating_neg: 0.9538849645082261
  endofexp_other_rating_pos: 0.00022198397861227556
  endofexp_other_rating_zero: 0.04589305151316163
  endofexp_p_self_action_press: 0.08
  endofexp_self_rating_neg: 0.02410503635998763
  endofexp_self_rating_pos: 0.6875522763887448
  endofexp_self_rating_zero: 0.28834268725126766
