results:
  endofexp_other_rating_neg: 0.8410790305933734
  endofexp_other_rating_pos: 0.009815764941905104
  endofexp_other_rating_zero: 0.14910520446472153
  endofexp_p_self_action_press: 0.16
  endofexp_self_rating_neg: 0.2503260099720622
  endofexp_self_rating_pos: 0.16124784339790815
  endofexp_self_rating_zero: 0.5884261466300297
