results:
  endofexp_other_rating_neg: 0.37021503765614033
  endofexp_other_rating_pos: 0.09921064144567297
  endofexp_other_rating_zero: 0.5305743208981867
  endofexp_p_self_action_press: 0.64
  endofexp_self_rating_neg: 0.00015008900129318675
  endofexp_self_rating_pos: 0.9717530256861537
  endofexp_self_rating_zero: 0.02809688531255292
