results:
  endofexp_other_rating_neg: 0.2505520959775375
  endofexp_other_rating_pos: 0.3435663580982157
  endofexp_other_rating_zero: 0.40588154592424674
  endofexp_p_self_action_press: 0.6
  endofexp_self_rating_neg: 0.1403677465732938
  endofexp_self_rating_pos: 0.5291733604129037
  endofexp_self_rating_zero: 0.3304588930138025
