results:
  endofexp_other_rating_neg: 0.25550555368751965
  endofexp_other_rating_pos: 0.21731951068117447
  endofexp_other_rating_zero: 0.5271749356313059
  endofexp_p_self_action_press: 0.56
  endofexp_self_rating_neg: 0.00013500678613014735
  endofexp_self_rating_pos: 0.978740312997568
  endofexp_self_rating_zero: 0.021124680216301813
