results:
  endofexp_other_rating_neg: 0.0006045417125809372
  endofexp_other_rating_pos: 0.9439782152598218
  endofexp_other_rating_zero: 0.05541724302759714
  endofexp_p_self_action_press: 0.08
  endofexp_self_rating_neg: 0.5313730591716133
  endofexp_self_rating_pos: 0.08040272741962438
  endofexp_self_rating_zero: 0.38822421340876234
