results:
  endofexp_other_rating_neg: 0.0004087018883858419
  endofexp_other_rating_pos: 0.9186691515052158
  endofexp_other_rating_zero: 0.0809221466063983
  endofexp_p_self_action_press: 0.08
  endofexp_self_rating_neg: 0.41358913270222547
  endofexp_self_rating_pos: 0.07251185460978153
  endofexp_self_rating_zero: 0.513899012687993
