results:
  endofexp_other_rating_neg: 0.8169279096749729
  endofexp_other_rating_pos: 0.011131375371559782
  endofexp_other_rating_zero: 0.1719407149534674
  endofexp_p_self_action_press: 0.08
  endofexp_self_rating_neg: 0.4096661482354741
  endofexp_self_rating_pos: 0.08737193159550163
  endofexp_self_rating_zero: 0.5029619201690242
