results:
  endofexp_other_rating_neg: 0.0005088625272766349
  endofexp_other_rating_pos: 0.9481025704479299
  endofexp_other_rating_zero: 0.051388567024793455
  endofexp_p_self_action_press: 0.08
  endofexp_self_rating_neg: 0.10733859983414729
  endofexp_self_rating_pos: 0.4844803628261837
  endofexp_self_rating_zero: 0.408181037339669
