results:
  endofexp_other_rating_neg: 0.40221802215255203
  endofexp_other_rating_pos: 0.24792680031706854
  endofexp_other_rating_zero: 0.34985517753037937
  endofexp_p_self_action_press: 0.32
  endofexp_self_rating_neg: 0.993434948244496
  endofexp_self_rating_pos: 8.564995996773073e-06
  endofexp_self_rating_zero: 0.006556486759507193
