results:
  endofexp_other_rating_neg: 0.794623974042441
  endofexp_other_rating_pos: 0.01201697087861482
  endofexp_other_rating_zero: 0.19335905507894405
  endofexp_p_self_action_press: 0.08
  endofexp_self_rating_neg: 0.5478258302603226
  endofexp_self_rating_pos: 0.017143421539171127
  endofexp_self_rating_zero: 0.4350307482005062
