results:
  endofexp_other_rating_neg: 0.8247572290487687
  endofexp_other_rating_pos: 0.012611716996699683
  endofexp_other_rating_zero: 0.16263105395453173
  endofexp_p_self_action_press: 0.08
  endofexp_self_rating_neg: 0.2865175228976708
  endofexp_self_rating_pos: 0.14240673535615855
  endofexp_self_rating_zero: 0.5710757417461706
