results:
  endofexp_other_rating_neg: 0.9645671969268318
  endofexp_other_rating_pos: 0.000213620513100765
  endofexp_other_rating_zero: 0.03521918256006743
  endofexp_p_self_action_press: 0.84
  endofexp_self_rating_neg: 0.7836480128189005
  endofexp_self_rating_pos: 0.009308012799169228
  endofexp_self_rating_zero: 0.2070439743819303
