results:
  endofexp_other_rating_neg: 0.9444115185059269
  endofexp_other_rating_pos: 0.0004522809628466968
  endofexp_other_rating_zero: 0.05513620053122639
  endofexp_p_self_action_press: 0.88
  endofexp_self_rating_neg: 0.7595865948654733
  endofexp_self_rating_pos: 0.009969516135230878
  endofexp_self_rating_zero: 0.23044388899929577
