results:
  endofexp_other_rating_neg: 0.9601368773621688
  endofexp_other_rating_pos: 0.0002796770278392275
  endofexp_other_rating_zero: 0.03958344560999193
  endofexp_p_self_action_press: 0.08
  endofexp_self_rating_neg: 0.31564362127146045
  endofexp_self_rating_pos: 0.21525212360577198
  endofexp_self_rating_zero: 0.46910425512276754
