results:
  endofexp_other_rating_neg: 0.9457654239479438
  endofexp_other_rating_pos: 0.0007335302928350941
  endofexp_other_rating_zero: 0.053501045759221155
  endofexp_p_self_action_press: 0.08
  endofexp_self_rating_neg: 0.3227503721824605
  endofexp_self_rating_pos: 0.22305659990262425
  endofexp_self_rating_zero: 0.4541930279149152
