results:
  endofexp_other_rating_neg: 0.22994418163121175
  endofexp_other_rating_pos: 0.42276692142978056
  endofexp_other_rating_zero: 0.34728889693900755
  endofexp_p_self_action_press: 0.28
  endofexp_self_rating_neg: 0.9939682277613224
  endofexp_self_rating_pos: 8.277102891019517e-06
  endofexp_self_rating_zero: 0.00602349513578654
