results:
  endofexp_other_rating_neg: 0.8305248122490768
  endofexp_other_rating_pos: 0.0014108398663233454
  endofexp_other_rating_zero: 0.1680643478845999
  endofexp_p_self_action_press: 0.12
  endofexp_self_rating_neg: 0.05600653742906536
  endofexp_self_rating_pos: 0.26149715898066994
  endofexp_self_rating_zero: 0.6824963035902647
