results:
  endofexp_other_rating_neg: 0.357902868280835
  endofexp_other_rating_pos: 0.24443184039280372
  endofexp_other_rating_zero: 0.3976652913263613
  endofexp_p_self_action_press: 0.44
  endofexp_self_rating_neg: 0.16691538214397342
  endofexp_self_rating_pos: 0.4275093269087417
  endofexp_self_rating_zero: 0.40557529094728495
