results:
  endofexp_other_rating_neg: 0.4350477730650283
  endofexp_other_rating_pos: 0.25626713153937675
  endofexp_other_rating_zero: 0.3086850953955949
  endofexp_p_self_action_press: 0.48
  endofexp_self_rating_neg: 0.43093913615651563
  endofexp_self_rating_pos: 0.2073067352478182
  endofexp_self_rating_zero: 0.3617541285956662
