results:
  endofexp_other_rating_neg: 0.25756533188603276
  endofexp_other_rating_pos: 0.42953638717895176
  endofexp_other_rating_zero: 0.3128982809350156
  endofexp_p_self_action_press: 0.28
  endofexp_self_rating_neg: 0.9937668770826319
  endofexp_self_rating_pos: 3.711156207181635e-05
  endofexp_self_rating_zero: 0.006196011355296436
