results:
  endofexp_other_rating_neg: 0.2984073018119631
  endofexp_other_rating_pos: 0.3910626846410544
  endofexp_other_rating_zero: 0.31053001354698245
  endofexp_p_self_action_press: 0.44
  endofexp_self_rating_neg: 0.2457418519929123
  endofexp_self_rating_pos: 0.4378069640213815
  endofexp_self_rating_zero: 0.31645118398570626
