results:
  endofexp_other_rating_neg: 0.08317267192750705
  endofexp_other_rating_pos: 0.7216823486762836
  endofexp_other_rating_zero: 0.19514497939620937
  endofexp_p_self_action_press: 0.24
  endofexp_self_rating_neg: 0.9833851430524634
  endofexp_self_rating_pos: 0.0004815388820082484
  endofexp_self_rating_zero: 0.016133318065528438
