results:
  endofexp_other_rating_neg: 0.4469502742650049
  endofexp_other_rating_pos: 0.09042997037277242
  endofexp_other_rating_zero: 0.4626197553622228
  endofexp_p_self_action_press: 0.64
  endofexp_self_rating_neg: 0.0001924680473785333
  endofexp_self_rating_pos: 0.9742812010832583
  endofexp_self_rating_zero: 0.025526330869363133
