results:
  endofexp_other_rating_neg: 0.3905566968575811
  endofexp_other_rating_pos: 0.2721261585197481
  endofexp_other_rating_zero: 0.3373171446226708
  endofexp_p_self_action_press: 0.44
  endofexp_self_rating_neg: 0.3010490999183032
  endofexp_self_rating_pos: 0.35368281137165314
  endofexp_self_rating_zero: 0.34526808871004355
