results:
  endofexp_other_rating_neg: 0.11553623494149248
  endofexp_other_rating_pos: 0.4026980349459692
  endofexp_other_rating_zero: 0.48176573011253837
  endofexp_p_self_action_press: 0.32
  endofexp_self_rating_neg: 0.9716319446131042
  endofexp_self_rating_pos: 0.0002727888652434808
  endofexp_self_rating_zero: 0.02809526652165241
