results:
  endofexp_other_rating_neg: 0.8257399388222044
  endofexp_other_rating_pos: 0.0019499379492966236
  endofexp_other_rating_zero: 0.1723101232284989
  endofexp_p_self_action_press: 0.08
  endofexp_self_rating_neg: 0.20870202686413059
  endofexp_self_rating_pos: 0.11305075842047496
  endofexp_self_rating_zero: 0.6782472147153944
