results:
  endofexp_other_rating_neg: 0.1622691385170828
  endofexp_other_rating_pos: 0.4991553321005644
  endofexp_other_rating_zero: 0.33857552938235286
  endofexp_p_self_action_press: 0.56
  endofexp_self_rating_neg: 0.5847726398449952
  endofexp_self_rating_pos: 0.08922397207181681
  endofexp_self_rating_zero: 0.326003388083188
