results:
  endofexp_other_rating_neg: 0.9923707006899557
  endofexp_other_rating_pos: 8.535812402921484e-05
  endofexp_other_rating_zero: 0.00754394118601503
  endofexp_p_self_action_press: 0.2
  endofexp_self_rating_neg: 0.008953432913051063
  endofexp_self_rating_pos: 0.5867498477027916
  endofexp_self_rating_zero: 0.4042967193841574
