results:
  endofexp_other_rating_neg: 0.3710470304980335
  endofexp_other_rating_pos: 0.13616350623045936
  endofexp_other_rating_zero: 0.4927894632715071
  endofexp_p_self_action_press: 0.64
  endofexp_self_rating_neg: 0.00029889164307906685
  endofexp_self_rating_pos: 0.9690940166715483
  endofexp_self_rating_zero: 0.030607091685372574
