results:
  endofexp_other_rating_neg: 0.4056893397256354
  endofexp_other_rating_pos: 0.25405026857935603
  endofexp_other_rating_zero: 0.34026039169500855
  endofexp_p_self_action_press: 0.48
  endofexp_self_rating_neg: 0.2421541671793463
  endofexp_self_rating_pos: 0.4173491226089644
  endofexp_self_rating_zero: 0.34049671021168937
