results:
  endofexp_other_rating_neg: 0.00042177942995408416
  endofexp_other_rating_pos: 0.9564234050469423
  endofexp_other_rating_zero: 0.04315481552310354
  endofexp_p_self_action_press: 0.08
  endofexp_self_rating_neg: 0.3565747377055356
  endofexp_self_rating_pos: 0.1844644509911426
  endofexp_self_rating_zero: 0.4589608113033217
