results:
  endofexp_other_rating_neg: 0.8043819555631537
  endofexp_other_rating_pos: 0.009888852453017414
  endofexp_other_rating_zero: 0.1857291919838288
  endofexp_p_self_action_press: 0.08
  endofexp_self_rating_neg: 0.5699888137864132
  endofexp_self_rating_pos: 0.015229273083350515
  endofexp_self_rating_zero: 0.41478191313023627
