results:
  endofexp_other_rating_neg: 0.27251039382923986
  endofexp_other_rating_pos: 0.3827123096414732
  endofexp_other_rating_zero: 0.344777296529287
  endofexp_p_self_action_press: 0.48
  endofexp_self_rating_neg: 0.3036560970119688
  endofexp_self_rating_pos: 0.3468319420287427
  endofexp_self_rating_zero: 0.34951196095928866
