results:
  endofexp_other_rating_neg: 0.35959678753708935
  endofexp_other_rating_pos: 0.2982626796468079
  endofexp_other_rating_zero: 0.3421405328161028
  endofexp_p_self_action_press: 0.48
  endofexp_self_rating_neg: 0.24225521570175126
  endofexp_self_rating_pos: 0.3918942268664405
  endofexp_self_rating_zero: 0.3658505574318083
