results:
  endofexp_other_rating_neg: 0.929773915503343
  endofexp_other_rating_pos: 0.0009930520184588817
  endofexp_other_rating_zero: 0.06923303247819823
  endofexp_p_self_action_press: 0.04
  endofexp_self_rating_neg: 0.5132215390949223
  endofexp_self_rating_pos: 0.09147520024933024
  endofexp_self_rating_zero: 0.3953032606557474
