results:
  endofexp_other_rating_neg: 0.2473739049566039
  endofexp_other_rating_pos: 0.40181954839061934
  endofexp_other_rating_zero: 0.3508065466527767
  endofexp_p_self_action_press: 0.4
  endofexp_self_rating_neg: 0.46268173414353714
  endofexp_self_rating_pos: 0.19400610927257253
  endofexp_self_rating_zero: 0.3433121565838904
