results:
  endofexp_other_rating_neg: 0.30279751388934034
  endofexp_other_rating_pos: 0.34184208292206103
  endofexp_other_rating_zero: 0.3553604031885986
  endofexp_p_self_action_press: 0.64
  endofexp_self_rating_neg: 9.856596044324874e-06
  endofexp_self_rating_pos: 0.9931593010218926
  endofexp_self_rating_zero: 0.006830842382063069
