results:
  endofexp_other_rating_neg: 0.3190532099498535
  endofexp_other_rating_pos: 0.3339567053974953
  endofexp_other_rating_zero: 0.3469900846526513
  endofexp_p_self_action_press: 0.52
  endofexp_self_rating_neg: 0.28123324189025745
  endofexp_self_rating_pos: 0.352413737007816
  endofexp_self_rating_zero: 0.3663530211019266
