results:
  endofexp_other_rating_neg: 0.3376781685312451
  endofexp_other_rating_pos: 0.3188544332067134
  endofexp_other_rating_zero: 0.3434673982620414
  endofexp_p_self_action_press: 0.48
  endofexp_self_rating_neg: 0.27223899380037175
  endofexp_self_rating_pos: 0.36052548246425326
  endofexp_self_rating_zero: 0.36723552373537505
