results:
  endofexp_other_rating_neg: 0.02081294855833756
  endofexp_other_rating_pos: 0.7806905877184316
  endofexp_other_rating_zero: 0.19849646372323085
  endofexp_p_self_action_press: 0.08
  endofexp_self_rating_neg: 0.7084064363737624
  endofexp_self_rating_pos: 0.013046893303809003
  endofexp_self_rating_zero: 0.2785466703224284
