results:
  endofexp_other_rating_neg: 0.2716466866945419
  endofexp_other_rating_pos: 0.21226449355650334
  endofexp_other_rating_zero: 0.5160888197489547
  endofexp_p_self_action_press: 0.28
  endofexp_self_rating_neg: 0.971773993808928
  endofexp_self_rating_pos: 0.000302198282398979
  endofexp_self_rating_zero: 0.02792380790867299
