results:
  endofexp_other_rating_neg: 0.9145486633759304
  endofexp_other_rating_pos: 0.0004926624972628326
  endofexp_other_rating_zero: 0.08495867412680665
  endofexp_p_self_action_press: 0.08
  endofexp_self_rating_neg: 0.3258495492707556
  endofexp_self_rating_pos: 0.1280029837152105
  endofexp_self_rating_zero: 0.5461474670140339
