results:
  endofexp_other_rating_neg: 0.0003705731355950612
  endofexp_other_rating_pos: 0.9160093282573505
  endofexp_other_rating_zero: 0.08362009860705454
  endofexp_p_self_action_press: 0.08
  endofexp_self_rating_neg: 0.30688696726024384
  endofexp_self_rating_pos: 0.14475789769283454
  endofexp_self_rating_zero: 0.5483551350469217
