results:
  endofexp_other_rating_neg: 0.000409314488274253
  endofexp_other_rating_pos: 0.9646495583710463
  endofexp_other_rating_zero: 0.034941127140679616
  endofexp_p_self_action_press: 0.92
  endofexp_self_rating_neg: 0.07888920842922377
  endofexp_self_rating_pos: 0.6206652818716909
  endofexp_self_rating_zero: 0.3004455096990853
