results:
  endofexp_other_rating_neg: 0.942217436120492
  endofexp_other_rating_pos: 0.0005334934314874521
  endofexp_other_rating_zero: 0.0572490704480207
  endofexp_p_self_action_press: 0.04
  endofexp_self_rating_neg: 0.6010621433126772
  endofexp_self_rating_pos: 0.05290496826870131
  endofexp_self_rating_zero: 0.3460328884186216
