results:
  endofexp_other_rating_neg: 0.06532294072036478
  endofexp_other_rating_pos: 0.4765127322926358
  endofexp_other_rating_zero: 0.4581643269869994
  endofexp_p_self_action_press: 0.64
  endofexp_self_rating_neg: 0.00019596934950163734
  endofexp_self_rating_pos: 0.9693309366365346
  endofexp_self_rating_zero: 0.0304730940139638
