results:
  endofexp_other_rating_neg: 0.06541314743800082
  endofexp_other_rating_pos: 0.45717768127148034
  endofexp_other_rating_zero: 0.47740917129051885
  endofexp_p_self_action_press: 0.64
  endofexp_self_rating_neg: 0.0001750140312500394
  endofexp_self_rating_pos: 0.9618577472750782
  endofexp_self_rating_zero: 0.03796723869367189
