results:
  endofexp_other_rating_neg: 0.5329417590245809
  endofexp_other_rating_pos: 0.15502574768088243
  endofexp_other_rating_zero: 0.3120324932945369
  endofexp_p_self_action_press: 0.6
  endofexp_self_rating_neg: 0.3014995252152986
  endofexp_self_rating_pos: 0.34844773391630984
  endofexp_self_rating_zero: 0.35005274086839167
