results:
  endofexp_other_rating_neg: 0.32167532630352746
  endofexp_other_rating_pos: 0.16877608828443313
  endofexp_other_rating_zero: 0.5095485854120394
  endofexp_p_self_action_press: 0.64
  endofexp_self_rating_neg: 0.00025837183526480537
  endofexp_self_rating_pos: 0.9723376662857058
  endofexp_self_rating_zero: 0.027403961879029236
