results:
  endofexp_other_rating_neg: 0.0006157241613083829
  endofexp_other_rating_pos: 0.9354792626665691
  endofexp_other_rating_zero: 0.06390501317212248
  endofexp_p_self_action_press: 0.04
  endofexp_self_rating_neg: 0.6124739676851438
  endofexp_self_rating_pos: 0.04388293644272691
  endofexp_self_rating_zero: 0.3436430958721293
