results:
  endofexp_other_rating_neg: 0.11010201158397874
  endofexp_other_rating_pos: 0.593081097365495
  endofexp_other_rating_zero: 0.2968168910505263
  endofexp_p_self_action_press: 0.04
  endofexp_self_rating_neg: 0.39372538916247374
  endofexp_self_rating_pos: 0.2558177451303963
  endofexp_self_rating_zero: 0.3504568657071299
