results:
  endofexp_other_rating_neg: 0.8164154410117435
  endofexp_other_rating_pos: 0.014509146000009396
  endofexp_other_rating_zero: 0.16907541298824716
  endofexp_p_self_action_press: 0.08
  endofexp_self_rating_neg: 0.10996049734264747
  endofexp_self_rating_pos: 0.35838054929998575
  endofexp_self_rating_zero: 0.5316589533573669
