results:
  endofexp_other_rating_neg: 0.37686431257544767
  endofexp_other_rating_pos: 0.3166270844164704
  endofexp_other_rating_zero: 0.30650860300808197
  endofexp_p_self_action_press: 0.56
  endofexp_self_rating_neg: 0.3498643558668925
  endofexp_self_rating_pos: 0.3545780504127269
  endofexp_self_rating_zero: 0.29555759372038065
