results:
  endofexp_other_rating_neg: 0.0008669558511842849
  endofexp_other_rating_pos: 0.9415342170354388
  endofexp_other_rating_zero: 0.0575988271133769
  endofexp_p_self_action_press: 0.08
  endofexp_self_rating_neg: 0.44051544842397594
  endofexp_self_rating_pos: 0.12697829624747686
  endofexp_self_rating_zero: 0.4325062553285471
