results:
  endofexp_other_rating_neg: 0.47041012058886683
  endofexp_other_rating_pos: 0.19772045686382622
  endofexp_other_rating_zero: 0.33186942254730695
  endofexp_p_self_action_press: 0.48
  endofexp_self_rating_neg: 0.14726505047370406
  endofexp_self_rating_pos: 0.5030532899577183
  endofexp_self_rating_zero: 0.3496816595685776
