results:
  endofexp_other_rating_neg: 0.3316388680523148
  endofexp_other_rating_pos: 0.1640238454892576
  endofexp_other_rating_zero: 0.5043372864584276
  endofexp_p_self_action_press: 0.36
  endofexp_self_rating_neg: 0.9696286934436926
  endofexp_self_rating_pos: 0.00032175824858420016
  endofexp_self_rating_zero: 0.030049548307723137
