results:
  endofexp_other_rating_neg: 0.9596304906789576
  endofexp_other_rating_pos: 0.0002537043735822099
  endofexp_other_rating_zero: 0.04011580494746027
  endofexp_p_self_action_press: 0.08
  endofexp_self_rating_neg: 0.21761221073995066
  endofexp_self_rating_pos: 0.31494406390588336
  endofexp_self_rating_zero: 0.4674437253541659
