results:
  endofexp_other_rating_neg: 0.39998128546646633
  endofexp_other_rating_pos: 0.10098759363349834
  endofexp_other_rating_zero: 0.4990311209000353
  endofexp_p_self_action_press: 0.64
  endofexp_self_rating_neg: 0.00015933268154473836
  endofexp_self_rating_pos: 0.973329968345841
  endofexp_self_rating_zero: 0.02651069897261434
