results:
  endofexp_other_rating_neg: 0.8013585601036786
  endofexp_other_rating_pos: 0.018268940241426244
  endofexp_other_rating_zero: 0.18037249965489513
  endofexp_p_self_action_press: 0.08
  endofexp_self_rating_neg: 0.47026878055686117
  endofexp_self_rating_pos: 0.06228379932241388
  endofexp_self_rating_zero: 0.4674474201207249
