results:
  endofexp_other_rating_neg: 0.309923442423301
  endofexp_other_rating_pos: 0.3136598501218559
  endofexp_other_rating_zero: 0.37641670745484307
  endofexp_p_self_action_press: 0.28
  endofexp_self_rating_neg: 0.2412644888946849
  endofexp_self_rating_pos: 0.3919242868453645
  endofexp_self_rating_zero: 0.3668112242599505
