results:
  endofexp_other_rating_neg: 0.1597717166705452
  endofexp_other_rating_pos: 0.5192915469028893
  endofexp_other_rating_zero: 0.32093673642656545
  endofexp_p_self_action_press: 0.32
  endofexp_self_rating_neg: 0.41085091943192975
  endofexp_self_rating_pos: 0.22725946104267192
  endofexp_self_rating_zero: 0.36188961952539833
