results:
  endofexp_other_rating_neg: 0.18389627012145174
  endofexp_other_rating_pos: 0.30057718308110204
  endofexp_other_rating_zero: 0.5155265467974463
  endofexp_p_self_action_press: 0.6
  endofexp_self_rating_neg: 0.00027664149801069334
  endofexp_self_rating_pos: 0.9719708612646621
  endofexp_self_rating_zero: 0.027752497237327266
