results:
  endofexp_other_rating_neg: 0.0007186746895373274
  endofexp_other_rating_pos: 0.9396283001775866
  endofexp_other_rating_zero: 0.05965302513287619
  endofexp_p_self_action_press: 0.08
  endofexp_self_rating_neg: 0.552801721560885
  endofexp_self_rating_pos: 0.07020777701398327
  endofexp_self_rating_zero: 0.37699050142513185
