results:
  endofexp_other_rating_neg: 0.4057343041451453
  endofexp_other_rating_pos: 0.10921126402434769
  endofexp_other_rating_zero: 0.48505443183050706
  endofexp_p_self_action_press: 0.6
  endofexp_self_rating_neg: 0.00026334438093371886
  endofexp_self_rating_pos: 0.9727683558486043
  endofexp_self_rating_zero: 0.026968299770461973
