results:
  endofexp_other_rating_neg: 0.9413759865723754
  endofexp_other_rating_pos: 0.0007110729834617784
  endofexp_other_rating_zero: 0.057912940444162786
  endofexp_p_self_action_press: 0.04
  endofexp_self_rating_neg: 0.45068934162582747
  endofexp_self_rating_pos: 0.1271660723092067
  endofexp_self_rating_zero: 0.4221445860649659
