results:
  endofexp_other_rating_neg: 0.2916696953355804
  endofexp_other_rating_pos: 0.324541603151621
  endofexp_other_rating_zero: 0.38378870151279854
  endofexp_p_self_action_press: 0.2
  endofexp_self_rating_neg: 0.7526293317214976
  endofexp_self_rating_pos: 0.02970053227968434
  endofexp_self_rating_zero: 0.21767013599881804
