results:
  endofexp_other_rating_neg: 0.4086699770022846
  endofexp_other_rating_pos: 0.12041130003729755
  endofexp_other_rating_zero: 0.470918722960418
  endofexp_p_self_action_press: 0.68
  endofexp_self_rating_neg: 0.0005322369454052664
  endofexp_self_rating_pos: 0.9594412206383672
  endofexp_self_rating_zero: 0.04002654241622745
