results:
  endofexp_other_rating_neg: 0.3642543418535503
  endofexp_other_rating_pos: 0.17477013618556167
  endofexp_other_rating_zero: 0.4609755219608881
  endofexp_p_self_action_press: 0.6
  endofexp_self_rating_neg: 0.1644117064296355
  endofexp_self_rating_pos: 0.44150561187467235
  endofexp_self_rating_zero: 0.39408268169569205
