results:
  endofexp_other_rating_neg: 0.3808429893612998
  endofexp_other_rating_pos: 0.15134806360272535
  endofexp_other_rating_zero: 0.46780894703597475
  endofexp_p_self_action_press: 0.64
  endofexp_self_rating_neg: 1.988675616503231e-05
  endofexp_self_rating_pos: 0.9843578565307809
  endofexp_self_rating_zero: 0.015622256713054007
