results:
  endofexp_other_rating_neg: 0.9432314942840869
  endofexp_other_rating_pos: 0.0005005116972580366
  endofexp_other_rating_zero: 0.056267994018654954
  endofexp_p_self_action_press: 0.08
  endofexp_self_rating_neg: 0.12246572309321148
  endofexp_self_rating_pos: 0.4529241704385664
  endofexp_self_rating_zero: 0.4246101064682221
