results:
  endofexp_other_rating_neg: 0.4525665092877432
  endofexp_other_rating_pos: 0.03887312136585133
  endofexp_other_rating_zero: 0.5085603693464054
  endofexp_p_self_action_press: 0.28
  endofexp_self_rating_neg: 0.9460128508523211
  endofexp_self_rating_pos: 0.0002997850034453772
  endofexp_self_rating_zero: 0.05368736414423349
