results:
  endofexp_other_rating_neg: 0.011441415014217075
  endofexp_other_rating_pos: 0.8292950946290952
  endofexp_other_rating_zero: 0.15926349035668766
  endofexp_p_self_action_press: 0.08
  endofexp_self_rating_neg: 0.255734022943806
  endofexp_self_rating_pos: 0.16736603898460634
  endofexp_self_rating_zero: 0.5768999380715877
