results:
  endofexp_other_rating_neg: 0.9396023946739113
  endofexp_other_rating_pos: 0.0003349731933935416
  endofexp_other_rating_zero: 0.06006263213269518
  endofexp_p_self_action_press: 0.04
  endofexp_self_rating_neg: 0.6403882586505798
  endofexp_self_rating_pos: 0.029023802167657424
  endofexp_self_rating_zero: 0.3305879391817629
