results:
  endofexp_other_rating_neg: 0.23581828076560413
  endofexp_other_rating_pos: 0.4894978521888586
  endofexp_other_rating_zero: 0.27468386704553727
  endofexp_p_self_action_press: 0.28
  endofexp_self_rating_neg: 0.9908086874283493
  endofexp_self_rating_pos: 0.00012467875015317455
  endofexp_self_rating_zero: 0.009066633821497475
