results:
  endofexp_other_rating_neg: 0.22348482113800552
  endofexp_other_rating_pos: 0.25587458081599546
  endofexp_other_rating_zero: 0.520640598045999
  endofexp_p_self_action_press: 0.6
  endofexp_self_rating_neg: 0.00018484747126667513
  endofexp_self_rating_pos: 0.9762783429326137
  endofexp_self_rating_zero: 0.02353680959611969
