results:
  endofexp_other_rating_neg: 0.31509312675004425
  endofexp_other_rating_pos: 0.3331332625364189
  endofexp_other_rating_zero: 0.3517736107135369
  endofexp_p_self_action_press: 0.56
  endofexp_self_rating_neg: 0.05901933338620237
  endofexp_self_rating_pos: 0.6311206318676127
  endofexp_self_rating_zero: 0.309860034746185
