results:
  endofexp_other_rating_neg: 0.4472237047799678
  endofexp_other_rating_pos: 0.06870789554374529
  endofexp_other_rating_zero: 0.48406839967628684
  endofexp_p_self_action_press: 0.6
  endofexp_self_rating_neg: 0.00024675369121327737
  endofexp_self_rating_pos: 0.9680215853513425
  endofexp_self_rating_zero: 0.03173166095744438
