results:
  endofexp_other_rating_neg: 0.21281277405316967
  endofexp_other_rating_pos: 0.34523274768264894
  endofexp_other_rating_zero: 0.4419544782641814
  endofexp_p_self_action_press: 0.44
  endofexp_self_rating_neg: 0.2920133388131715
  endofexp_self_rating_pos: 0.2321246059325802
  endofexp_self_rating_zero: 0.47586205525424835
