results:
  endofexp_other_rating_neg: 0.17579129514619887
  endofexp_other_rating_pos: 0.21716301663023108
  endofexp_other_rating_zero: 0.60704568822357
  endofexp_p_self_action_press: 0.28
  endofexp_self_rating_neg: 0.9547999759596029
  endofexp_self_rating_pos: 0.00021092035101213005
  endofexp_self_rating_zero: 0.04498910368938494
