results:
  endofexp_other_rating_neg: 0.4095146342483286
  endofexp_other_rating_pos: 0.2483933693694162
  endofexp_other_rating_zero: 0.3420919963822551
  endofexp_p_self_action_press: 0.52
  endofexp_self_rating_neg: 0.15079155235229497
  endofexp_self_rating_pos: 0.48449163156382946
  endofexp_self_rating_zero: 0.3647168160838756
