results:
  endofexp_other_rating_neg: 0.0002730706716417721
  endofexp_other_rating_pos: 0.9588001739357813
  endofexp_other_rating_zero: 0.04092675539257683
  endofexp_p_self_action_press: 0.08
  endofexp_self_rating_neg: 0.4414059955556661
  endofexp_self_rating_pos: 0.11831362002163981
  endofexp_self_rating_zero: 0.4402803844226941
