results:
  endofexp_other_rating_neg: 0.13223269001183396
  endofexp_other_rating_pos: 0.5820004154039925
  endofexp_other_rating_zero: 0.28576689458417354
  endofexp_p_self_action_press: 0.52
  endofexp_self_rating_neg: 0.1354091273178722
  endofexp_self_rating_pos: 0.4920570759707296
  endofexp_self_rating_zero: 0.3725337967113982
