results:
  endofexp_other_rating_neg: 0.2113706312622633
  endofexp_other_rating_pos: 0.45354557277616
  endofexp_other_rating_zero: 0.3350837959615766
  endofexp_p_self_action_press: 0.48
  endofexp_self_rating_neg: 0.37617338244826126
  endofexp_self_rating_pos: 0.2805828977703919
  endofexp_self_rating_zero: 0.34324371978134677
