results:
  endofexp_other_rating_neg: 0.128708514464025
  endofexp_other_rating_pos: 0.37109687490768295
  endofexp_other_rating_zero: 0.5001946106282921
  endofexp_p_self_action_press: 0.64
  endofexp_self_rating_neg: 0.00016117872882382876
  endofexp_self_rating_pos: 0.9769781392214779
  endofexp_self_rating_zero: 0.022860682049698287
