results:
  endofexp_other_rating_neg: 0.2742205437465649
  endofexp_other_rating_pos: 0.33705376557804206
  endofexp_other_rating_zero: 0.388725690675393
  endofexp_p_self_action_press: 0.76
  endofexp_self_rating_neg: 0.024359478904067897
  endofexp_self_rating_pos: 0.7722821962533756
  endofexp_self_rating_zero: 0.2033583248425565
