results:
  endofexp_other_rating_neg: 0.5107813595341572
  endofexp_other_rating_pos: 0.06164537129702419
  endofexp_other_rating_zero: 0.42757326916881855
  endofexp_p_self_action_press: 0.64
  endofexp_self_rating_neg: 0.00031607977388675273
  endofexp_self_rating_pos: 0.9689896245761543
  endofexp_self_rating_zero: 0.030694295649958937
