results:
  endofexp_other_rating_neg: 0.4550324871071301
  endofexp_other_rating_pos: 0.18623031523126055
  endofexp_other_rating_zero: 0.3587371976616093
  endofexp_p_self_action_press: 0.44
  endofexp_self_rating_neg: 0.3312363401179798
  endofexp_self_rating_pos: 0.2935642020582561
  endofexp_self_rating_zero: 0.37519945782376407
