results:
  endofexp_other_rating_neg: 0.25600889121797354
  endofexp_other_rating_pos: 0.23421689890276504
  endofexp_other_rating_zero: 0.5097742098792615
  endofexp_p_self_action_press: 0.32
  endofexp_self_rating_neg: 0.9694136498983238
  endofexp_self_rating_pos: 0.00028394950149238915
  endofexp_self_rating_zero: 0.03030240060018387
