results:
  endofexp_other_rating_neg: 0.10279685403990968
  endofexp_other_rating_pos: 0.6019545173757211
  endofexp_other_rating_zero: 0.29524862858436923
  endofexp_p_self_action_press: 0.96
  endofexp_self_rating_neg: 0.24598845029389937
  endofexp_self_rating_pos: 0.40268925227765034
  endofexp_self_rating_zero: 0.3513222974284503
