results:
  endofexp_other_rating_neg: 0.027538724268741335
  endofexp_other_rating_pos: 0.5789588856876287
  endofexp_other_rating_zero: 0.39350239004362986
  endofexp_p_self_action_press: 0.56
  endofexp_self_rating_neg: 0.00018630865829621405
  endofexp_self_rating_pos: 0.974682532504113
  endofexp_self_rating_zero: 0.025131158837590737
