results:
  endofexp_other_rating_neg: 0.35677711545540725
  endofexp_other_rating_pos: 0.14138132859270672
  endofexp_other_rating_zero: 0.501841555951886
  endofexp_p_self_action_press: 0.64
  endofexp_self_rating_neg: 0.0001523291730809531
  endofexp_self_rating_pos: 0.977708521244194
  endofexp_self_rating_zero: 0.022139149582725004
