results:
  endofexp_other_rating_neg: 0.3428669450362668
  endofexp_other_rating_pos: 0.3404312105243366
  endofexp_other_rating_zero: 0.31670184443939664
  endofexp_p_self_action_press: 0.48
  endofexp_self_rating_neg: 0.9924335264822014
  endofexp_self_rating_pos: 3.041785285136673e-05
  endofexp_self_rating_zero: 0.0075360556649473375
