results:
  endofexp_other_rating_neg: 0.25104222914248603
  endofexp_other_rating_pos: 0.22380281844942893
  endofexp_other_rating_zero: 0.5251549524080851
  endofexp_p_self_action_press: 0.64
  endofexp_self_rating_neg: 0.0001738328121896485
  endofexp_self_rating_pos: 0.9764771029731771
  endofexp_self_rating_zero: 0.023349064214633227
