results:
  endofexp_other_rating_neg: 0.7371582071903906
  endofexp_other_rating_pos: 0.010862607323101596
  endofexp_other_rating_zero: 0.2519791854865078
  endofexp_p_self_action_press: 0.88
  endofexp_self_rating_neg: 0.001711677913938344
  endofexp_self_rating_pos: 0.6820442495211713
  endofexp_self_rating_zero: 0.31624407256489034
