results:
  endofexp_other_rating_neg: 0.5069088641332423
  endofexp_other_rating_pos: 0.15611392943155505
  endofexp_other_rating_zero: 0.3369772064352025
  endofexp_p_self_action_press: 0.44
  endofexp_self_rating_neg: 0.5175901181904324
  endofexp_self_rating_pos: 0.17618530053840384
  endofexp_self_rating_zero: 0.3062245812711637
