results:
  endofexp_other_rating_neg: 0.0007311159620402516
  endofexp_other_rating_pos: 0.9443905148896131
  endofexp_other_rating_zero: 0.05487836914834668
  endofexp_p_self_action_press: 0.08
  endofexp_self_rating_neg: 0.23319443139276586
  endofexp_self_rating_pos: 0.3147692713536072
  endofexp_self_rating_zero: 0.452036297253627
