results:
  endofexp_other_rating_neg: 0.007294901648233947
  endofexp_other_rating_pos: 0.9115891805963563
  endofexp_other_rating_zero: 0.08111591775540984
  endofexp_p_self_action_press: 0.08
  endofexp_self_rating_neg: 0.23713329457386662
  endofexp_self_rating_pos: 0.35073755987267013
  endofexp_self_rating_zero: 0.41212914555346325
