results:
  endofexp_other_rating_neg: 0.3267369352998302
  endofexp_other_rating_pos: 0.31779089098235247
  endofexp_other_rating_zero: 0.35547217371781736
  endofexp_p_self_action_press: 0.48
  endofexp_self_rating_neg: 0.17602131758529824
  endofexp_self_rating_pos: 0.47987022692695486
  endofexp_self_rating_zero: 0.34410845548774677
