results:
  endofexp_other_rating_neg: 0.1605349504469422
  endofexp_other_rating_pos: 0.3282101020018019
  endofexp_other_rating_zero: 0.5112549475512559
  endofexp_p_self_action_press: 0.56
  endofexp_self_rating_neg: 0.0002842454489290599
  endofexp_self_rating_pos: 0.9716605358591447
  endofexp_self_rating_zero: 0.028055218691926256
