results:
  endofexp_other_rating_neg: 0.3829799011962439
  endofexp_other_rating_pos: 0.21193608406158365
  endofexp_other_rating_zero: 0.40508401474217237
  endofexp_p_self_action_press: 0.52
  endofexp_self_rating_neg: 0.34201968272350236
  endofexp_self_rating_pos: 0.30593692501979897
  endofexp_self_rating_zero: 0.35204339225669873
