results:
  endofexp_other_rating_neg: 0.3307366087202816
  endofexp_other_rating_pos: 0.29716579693246814
  endofexp_other_rating_zero: 0.3720975943472502
  endofexp_p_self_action_press: 0.8
  endofexp_self_rating_neg: 0.05934676558366743
  endofexp_self_rating_pos: 0.6848217277382149
  endofexp_self_rating_zero: 0.2558315066781177
