results:
  endofexp_other_rating_neg: 0.3647128568644868
  endofexp_other_rating_pos: 0.14152434780110004
  endofexp_other_rating_zero: 0.4937627953344131
  endofexp_p_self_action_press: 0.32
  endofexp_self_rating_neg: 0.969468372352771
  endofexp_self_rating_pos: 0.00032815343142021636
  endofexp_self_rating_zero: 0.030203474215808778
