results:
  endofexp_other_rating_neg: 0.0004278735800686295
  endofexp_other_rating_pos: 0.9531261815188558
  endofexp_other_rating_zero: 0.046445944901075384
  endofexp_p_self_action_press: 0.08
  endofexp_self_rating_neg: 0.043512276792116014
  endofexp_self_rating_pos: 0.6431537333535173
  endofexp_self_rating_zero: 0.3133339898543666
