results:
  endofexp_other_rating_neg: 0.9527575071273015
  endofexp_other_rating_pos: 0.00044372308275429976
  endofexp_other_rating_zero: 0.04679876978994425
  endofexp_p_self_action_press: 0.08
  endofexp_self_rating_neg: 0.13522661285637602
  endofexp_self_rating_pos: 0.4309025288043587
  endofexp_self_rating_zero: 0.43387085833926525
