results:
  endofexp_other_rating_neg: 0.031033499160897166
  endofexp_other_rating_pos: 0.46338618709347523
  endofexp_other_rating_zero: 0.5055803137456276
  endofexp_p_self_action_press: 0.28
  endofexp_self_rating_neg: 0.9450564463202389
  endofexp_self_rating_pos: 0.0001978031823153942
  endofexp_self_rating_zero: 0.05474575049744568
