results:
  endofexp_other_rating_neg: 0.343826890064217
  endofexp_other_rating_pos: 0.34141504821781016
  endofexp_other_rating_zero: 0.3147580617179729
  endofexp_p_self_action_press: 0.56
  endofexp_self_rating_neg: 0.3215653705776659
  endofexp_self_rating_pos: 0.3367817445574122
  endofexp_self_rating_zero: 0.34165288486492185
