results:
  endofexp_other_rating_neg: 0.31970967982016524
  endofexp_other_rating_pos: 0.299914420505583
  endofexp_other_rating_zero: 0.3803758996742518
  endofexp_p_self_action_press: 0.52
  endofexp_self_rating_neg: 0.6386836903096318
  endofexp_self_rating_pos: 0.08374183767036253
  endofexp_self_rating_zero: 0.2775744720200058
