results:
  endofexp_other_rating_neg: 0.006030528353063999
  endofexp_other_rating_pos: 0.9256585104116271
  endofexp_other_rating_zero: 0.06831096123530911
  endofexp_p_self_action_press: 0.08
  endofexp_self_rating_neg: 0.06551701404644251
  endofexp_self_rating_pos: 0.6128769569783287
  endofexp_self_rating_zero: 0.3216060289752288
