results:
  endofexp_other_rating_neg: 0.4056185008603553
  endofexp_other_rating_pos: 0.11555633692258968
  endofexp_other_rating_zero: 0.47882516221705507
  endofexp_p_self_action_press: 0.36
  endofexp_self_rating_neg: 0.9739681522657546
  endofexp_self_rating_pos: 0.00019251040190512754
  endofexp_self_rating_zero: 0.0258393373323402
