results:
  endofexp_other_rating_neg: 0.21746215888116935
  endofexp_other_rating_pos: 0.2348046622460685
  endofexp_other_rating_zero: 0.5477331788727622
  endofexp_p_self_action_press: 0.64
  endofexp_self_rating_neg: 0.00015881506297421886
  endofexp_self_rating_pos: 0.9755094639174822
  endofexp_self_rating_zero: 0.024331721019543787
