results:
  endofexp_other_rating_neg: 0.9279020926080507
  endofexp_other_rating_pos: 0.0008993256497174098
  endofexp_other_rating_zero: 0.07119858174223195
  endofexp_p_self_action_press: 0.08
  endofexp_self_rating_neg: 0.6857997015584429
  endofexp_self_rating_pos: 0.02454769725084761
  endofexp_self_rating_zero: 0.2896526011907095
