results:
  endofexp_other_rating_neg: 0.0004239958130539471
  endofexp_other_rating_pos: 0.9563532736328456
  endofexp_other_rating_zero: 0.043222730554100516
  endofexp_p_self_action_press: 0.08
  endofexp_self_rating_neg: 0.3688621585118005
  endofexp_self_rating_pos: 0.17656092697631212
  endofexp_self_rating_zero: 0.4545769145118874
