results:
  endofexp_other_rating_neg: 0.00032943843153759996
  endofexp_other_rating_pos: 0.9627294730112033
  endofexp_other_rating_zero: 0.036941088557259076
  endofexp_p_self_action_press: 0.92
  endofexp_self_rating_neg: 0.042050090016970014
  endofexp_self_rating_pos: 0.6642171301995832
  endofexp_self_rating_zero: 0.2937327797834467
