results:
  endofexp_other_rating_neg: 0.7461345152794351
  endofexp_other_rating_pos: 0.03313947229307348
  endofexp_other_rating_zero: 0.2207260124274913
  endofexp_p_self_action_press: 0.08
  endofexp_self_rating_neg: 0.8211488811309174
  endofexp_self_rating_pos: 0.0027784986999488497
  endofexp_self_rating_zero: 0.17607262016913366
