results:
  endofexp_other_rating_neg: 0.20313666105268857
  endofexp_other_rating_pos: 0.180634346476622
  endofexp_other_rating_zero: 0.6162289924706894
  endofexp_p_self_action_press: 0.28
  endofexp_self_rating_neg: 0.9622700918964494
  endofexp_self_rating_pos: 0.0001425374319229822
  endofexp_self_rating_zero: 0.03758737067162769
