results:
  endofexp_other_rating_neg: 0.0007543818788687501
  endofexp_other_rating_pos: 0.9381533584815078
  endofexp_other_rating_zero: 0.061092259639623385
  endofexp_p_self_action_press: 0.04
  endofexp_self_rating_neg: 0.4328343050414158
  endofexp_self_rating_pos: 0.1406057385415161
  endofexp_self_rating_zero: 0.42655995641706806
