results:
  endofexp_other_rating_neg: 0.9691050291837725
  endofexp_other_rating_pos: 0.00037252354855095454
  endofexp_other_rating_zero: 0.030522447267676632
  endofexp_p_self_action_press: 0.08
  endofexp_self_rating_neg: 0.10537308520256382
  endofexp_self_rating_pos: 0.5636761716661837
  endofexp_self_rating_zero: 0.33095074313125256
