results:
  endofexp_other_rating_neg: 0.0001891768506760643
  endofexp_other_rating_pos: 0.9081146041850242
  endofexp_other_rating_zero: 0.09169621896429972
  endofexp_p_self_action_press: 0.08
  endofexp_self_rating_neg: 0.15057196942217427
  endofexp_self_rating_pos: 0.21255980558046259
  endofexp_self_rating_zero: 0.6368682249973631
