results:
  endofexp_other_rating_neg: 0.34602688306200863
  endofexp_other_rating_pos: 0.2827123388385091
  endofexp_other_rating_zero: 0.3712607780994822
  endofexp_p_self_action_press: 0.84
  endofexp_self_rating_neg: 0.059205671548043334
  endofexp_self_rating_pos: 0.6826519361503972
  endofexp_self_rating_zero: 0.2581423923015595
