results:
  endofexp_other_rating_neg: 0.22763741876442686
  endofexp_other_rating_pos: 0.28411168264343356
  endofexp_other_rating_zero: 0.48825089859213955
  endofexp_p_self_action_press: 0.36
  endofexp_self_rating_neg: 0.9767280066013556
  endofexp_self_rating_pos: 0.0003318422237161735
  endofexp_self_rating_zero: 0.022940151174928352
