results:
  endofexp_other_rating_neg: 0.0005321294586331381
  endofexp_other_rating_pos: 0.949790250027793
  endofexp_other_rating_zero: 0.04967762051357366
  endofexp_p_self_action_press: 0.08
  endofexp_self_rating_neg: 0.40717473735014637
  endofexp_self_rating_pos: 0.15140690380089922
  endofexp_self_rating_zero: 0.44141835884895436
