results:
  endofexp_other_rating_neg: 0.16040533009497338
  endofexp_other_rating_pos: 0.34602434142489213
  endofexp_other_rating_zero: 0.4935703284801345
  endofexp_p_self_action_press: 0.28
  endofexp_self_rating_neg: 0.9680628059608698
  endofexp_self_rating_pos: 0.0003203734872284485
  endofexp_self_rating_zero: 0.031616820551901716
