results:
  endofexp_other_rating_neg: 0.5955141429372468
  endofexp_other_rating_pos: 0.10891665098443074
  endofexp_other_rating_zero: 0.2955692060783225
  endofexp_p_self_action_press: 0.04
  endofexp_self_rating_neg: 0.38164694239469393
  endofexp_self_rating_pos: 0.2646056984464114
  endofexp_self_rating_zero: 0.3537473591588947
