results:
  endofexp_other_rating_neg: 0.23891711753721478
  endofexp_other_rating_pos: 0.40075429984360766
  endofexp_other_rating_zero: 0.3603285826191776
  endofexp_p_self_action_press: 0.6
  endofexp_self_rating_neg: 0.34498657881432815
  endofexp_self_rating_pos: 0.29954963461590167
  endofexp_self_rating_zero: 0.3554637865697702
