results:
  endofexp_other_rating_neg: 0.3507315647148306
  endofexp_other_rating_pos: 0.14372972901247413
  endofexp_other_rating_zero: 0.5055387062726953
  endofexp_p_self_action_press: 0.6
  endofexp_self_rating_neg: 0.0002259027310752809
  endofexp_self_rating_pos: 0.9735386401568955
  endofexp_self_rating_zero: 0.026235457112029334
