results:
  endofexp_other_rating_neg: 0.23749892207165946
  endofexp_other_rating_pos: 0.3632845392624244
  endofexp_other_rating_zero: 0.3992165386659161
  endofexp_p_self_action_press: 0.64
  endofexp_self_rating_neg: 0.38971551375489977
  endofexp_self_rating_pos: 0.23728165528829026
  endofexp_self_rating_zero: 0.3730028309568099
