results:
  endofexp_other_rating_neg: 0.8099981010012482
  endofexp_other_rating_pos: 0.006736743901661162
  endofexp_other_rating_zero: 0.1832651550970906
  endofexp_p_self_action_press: 0.08
  endofexp_self_rating_neg: 0.4344047500701151
  endofexp_self_rating_pos: 0.03840474512774666
  endofexp_self_rating_zero: 0.5271905048021382
