results:
  endofexp_other_rating_neg: 0.8455020027963097
  endofexp_other_rating_pos: 0.0011289613535811504
  endofexp_other_rating_zero: 0.1533690358501092
  endofexp_p_self_action_press: 0.12
  endofexp_self_rating_neg: 0.15756848057920012
  endofexp_self_rating_pos: 0.10981061582784729
  endofexp_self_rating_zero: 0.7326209035929526
