results:
  endofexp_other_rating_neg: 0.011083722221776211
  endofexp_other_rating_pos: 0.8330813481326065
  endofexp_other_rating_zero: 0.15583492964561732
  endofexp_p_self_action_press: 0.72
  endofexp_self_rating_neg: 0.013972174604354362
  endofexp_self_rating_pos: 0.5998658507156905
  endofexp_self_rating_zero: 0.3861619746799551
