results:
  endofexp_other_rating_neg: 0.33363672621990975
  endofexp_other_rating_pos: 0.3114344206485713
  endofexp_other_rating_zero: 0.35492885313151906
  endofexp_p_self_action_press: 0.4
  endofexp_self_rating_neg: 0.4249539322370876
  endofexp_self_rating_pos: 0.21814668224104164
  endofexp_self_rating_zero: 0.3568993855218707
