results:
  endofexp_other_rating_neg: 0.3034453067535355
  endofexp_other_rating_pos: 0.18039053782453332
  endofexp_other_rating_zero: 0.5161641554219312
  endofexp_p_self_action_press: 0.6
  endofexp_self_rating_neg: 0.00030502984901595385
  endofexp_self_rating_pos: 0.9723476160988089
  endofexp_self_rating_zero: 0.027347354052175008
