results:
  endofexp_other_rating_neg: 0.2598087219819707
  endofexp_other_rating_pos: 0.3569627498498326
  endofexp_other_rating_zero: 0.38322852816819664
  endofexp_p_self_action_press: 0.44
  endofexp_self_rating_neg: 0.2773776124363317
  endofexp_self_rating_pos: 0.3585289274111343
  endofexp_self_rating_zero: 0.364093460152534
