results:
  endofexp_other_rating_neg: 0.9667096006323932
  endofexp_other_rating_pos: 0.0002201131295241062
  endofexp_other_rating_zero: 0.03307028623808291
  endofexp_p_self_action_press: 0.88
  endofexp_self_rating_neg: 0.7442091743024076
  endofexp_self_rating_pos: 0.018688703335533064
  endofexp_self_rating_zero: 0.23710212236205935
