results:
  endofexp_other_rating_neg: 0.013070260739529053
  endofexp_other_rating_pos: 0.8221000145199642
  endofexp_other_rating_zero: 0.16482972474050686
  endofexp_p_self_action_press: 0.08
  endofexp_self_rating_neg: 0.32332173352433347
  endofexp_self_rating_pos: 0.11763362636873068
  endofexp_self_rating_zero: 0.5590446401069359
