results:
  endofexp_other_rating_neg: 0.0006655297980363144
  endofexp_other_rating_pos: 0.9436751508514882
  endofexp_other_rating_zero: 0.055659319350475495
  endofexp_p_self_action_press: 0.04
  endofexp_self_rating_neg: 0.3575459375585927
  endofexp_self_rating_pos: 0.19717917763034654
  endofexp_self_rating_zero: 0.4452748848110608
