results:
  endofexp_other_rating_neg: 0.28553034733279586
  endofexp_other_rating_pos: 0.35990737154191654
  endofexp_other_rating_zero: 0.35456228112528754
  endofexp_p_self_action_press: 0.52
  endofexp_self_rating_neg: 0.23278821374175096
  endofexp_self_rating_pos: 0.40827885665861924
  endofexp_self_rating_zero: 0.35893292959962975
