results:
  endofexp_other_rating_neg: 0.43311983283882377
  endofexp_other_rating_pos: 0.2216674350179773
  endofexp_other_rating_zero: 0.34521273214319875
  endofexp_p_self_action_press: 0.48
  endofexp_self_rating_neg: 0.31029400026420934
  endofexp_self_rating_pos: 0.28461926414990163
  endofexp_self_rating_zero: 0.4050867355858891
