results:
  endofexp_other_rating_neg: 0.2331389247909016
  endofexp_other_rating_pos: 0.2090746942581587
  endofexp_other_rating_zero: 0.5577863809509398
  endofexp_p_self_action_press: 0.52
  endofexp_self_rating_neg: 0.00020004320555444614
  endofexp_self_rating_pos: 0.9690321556950139
  endofexp_self_rating_zero: 0.030767801099431648
