results:
  endofexp_other_rating_neg: 0.05391225084420109
  endofexp_other_rating_pos: 0.683296467711499
  endofexp_other_rating_zero: 0.2627912814443
  endofexp_p_self_action_press: 0.96
  endofexp_self_rating_neg: 0.22881629755117638
  endofexp_self_rating_pos: 0.413061844297091
  endofexp_self_rating_zero: 0.35812185815173275
