results:
  endofexp_other_rating_neg: 0.0006847608166441406
  endofexp_other_rating_pos: 0.9425138390174397
  endofexp_other_rating_zero: 0.05680140016591611
  endofexp_p_self_action_press: 0.04
  endofexp_self_rating_neg: 0.41427495467983544
  endofexp_self_rating_pos: 0.15338000634733553
  endofexp_self_rating_zero: 0.4323450389728289
