results:
  endofexp_other_rating_neg: 0.9568403975307893
  endofexp_other_rating_pos: 0.00039745094433270284
  endofexp_other_rating_zero: 0.04276215152487808
  endofexp_p_self_action_press: 0.08
  endofexp_self_rating_neg: 0.30991834931887485
  endofexp_self_rating_pos: 0.2250760067170884
  endofexp_self_rating_zero: 0.4650056439640368
