results:
  endofexp_other_rating_neg: 0.9657130908139018
  endofexp_other_rating_pos: 0.0004313094035612071
  endofexp_other_rating_zero: 0.033855599782536855
  endofexp_p_self_action_press: 0.08
  endofexp_self_rating_neg: 0.29003105144498353
  endofexp_self_rating_pos: 0.2625886866585902
  endofexp_self_rating_zero: 0.44738026189642627
