results:
  endofexp_other_rating_neg: 0.19813495462589178
  endofexp_other_rating_pos: 0.2832234594469638
  endofexp_other_rating_zero: 0.5186415859271444
  endofexp_p_self_action_press: 0.64
  endofexp_self_rating_neg: 0.00022356175511306238
  endofexp_self_rating_pos: 0.9743106641948643
  endofexp_self_rating_zero: 0.025465774050022726
