results:
  endofexp_other_rating_neg: 0.07236028454626224
  endofexp_other_rating_pos: 0.32610527172999043
  endofexp_other_rating_zero: 0.6015344437237473
  endofexp_p_self_action_press: 0.36
  endofexp_self_rating_neg: 0.9607023062652089
  endofexp_self_rating_pos: 0.00014132843841169006
  endofexp_self_rating_zero: 0.03915636529637939
