results:
  endofexp_other_rating_neg: 0.5043289849322081
  endofexp_other_rating_pos: 0.06863057757758168
  endofexp_other_rating_zero: 0.4270404374902103
  endofexp_p_self_action_press: 0.64
  endofexp_self_rating_neg: 1.548163463180723e-05
  endofexp_self_rating_pos: 0.9860656306071878
  endofexp_self_rating_zero: 0.013918887758180634
