results:
  endofexp_other_rating_neg: 0.4299471293023118
  endofexp_other_rating_pos: 0.11896388208464719
  endofexp_other_rating_zero: 0.4510889886130409
  endofexp_p_self_action_press: 0.6
  endofexp_self_rating_neg: 1.159330027849744e-05
  endofexp_self_rating_pos: 0.9885714423663451
  endofexp_self_rating_zero: 0.011416964333376264
