results:
  endofexp_other_rating_neg: 0.0002122932981591736
  endofexp_other_rating_pos: 0.9689459688982117
  endofexp_other_rating_zero: 0.030841737803629057
  endofexp_p_self_action_press: 0.88
  endofexp_self_rating_neg: 0.7399612289652331
  endofexp_self_rating_pos: 0.020729746941799777
  endofexp_self_rating_zero: 0.23930902409296723
