results:
  endofexp_other_rating_neg: 0.13926465642103786
  endofexp_other_rating_pos: 0.37643758564747976
  endofexp_other_rating_zero: 0.48429775793148233
  endofexp_p_self_action_press: 0.28
  endofexp_self_rating_neg: 0.9711672169678528
  endofexp_self_rating_pos: 0.00023469792795147593
  endofexp_self_rating_zero: 0.028598085104195613
