results:
  endofexp_other_rating_neg: 0.8203058718370064
  endofexp_other_rating_pos: 0.013031828369657756
  endofexp_other_rating_zero: 0.16666229979333577
  endofexp_p_self_action_press: 0.88
  endofexp_self_rating_neg: 0.035398237508306424
  endofexp_self_rating_pos: 0.531384954993792
  endofexp_self_rating_zero: 0.4332168074979016
