results:
  endofexp_other_rating_neg: 0.22298387132763428
  endofexp_other_rating_pos: 0.4908610845837596
  endofexp_other_rating_zero: 0.28615504408860615
  endofexp_p_self_action_press: 0.32
  endofexp_self_rating_neg: 0.9923409739623831
  endofexp_self_rating_pos: 5.2837781765905974e-05
  endofexp_self_rating_zero: 0.00760618825585089
