results:
  endofexp_other_rating_neg: 0.007576456658919073
  endofexp_other_rating_pos: 0.927099701748929
  endofexp_other_rating_zero: 0.0653238415921519
  endofexp_p_self_action_press: 0.08
  endofexp_self_rating_neg: 0.03212321757693656
  endofexp_self_rating_pos: 0.7270383159198176
  endofexp_self_rating_zero: 0.240838466503246
