results:
  endofexp_other_rating_neg: 0.18786040671599166
  endofexp_other_rating_pos: 0.45377565659213254
  endofexp_other_rating_zero: 0.3583639366918758
  endofexp_p_self_action_press: 0.44
  endofexp_self_rating_neg: 0.1601706772701178
  endofexp_self_rating_pos: 0.511839903729289
  endofexp_self_rating_zero: 0.32798941900059314
