results:
  endofexp_other_rating_neg: 0.00811261407585973
  endofexp_other_rating_pos: 0.9167588985182574
  endofexp_other_rating_zero: 0.07512848740588278
  endofexp_p_self_action_press: 0.04
  endofexp_self_rating_neg: 0.3388750289163091
  endofexp_self_rating_pos: 0.2967437867722468
  endofexp_self_rating_zero: 0.36438118431144406
