results:
  endofexp_other_rating_neg: 0.0005197627263502634
  endofexp_other_rating_pos: 0.9525282740747881
  endofexp_other_rating_zero: 0.04695196319886158
  endofexp_p_self_action_press: 0.08
  endofexp_self_rating_neg: 0.3938675089978075
  endofexp_self_rating_pos: 0.15641209353433644
  endofexp_self_rating_zero: 0.44972039746785597
