results:
  endofexp_other_rating_neg: 4.642511686469163e-05
  endofexp_other_rating_pos: 0.9951062698339597
  endofexp_other_rating_zero: 0.004847305049175615
  endofexp_p_self_action_press: 0.12
  endofexp_self_rating_neg: 0.3289193168263174
  endofexp_self_rating_pos: 0.027831614438318043
  endofexp_self_rating_zero: 0.6432490687353646
