results:
  endofexp_other_rating_neg: 0.8242311472789122
  endofexp_other_rating_pos: 0.012734964973629494
  endofexp_other_rating_zero: 0.16303388774745817
  endofexp_p_self_action_press: 0.08
  endofexp_self_rating_neg: 0.24163488347750448
  endofexp_self_rating_pos: 0.1816736285366762
  endofexp_self_rating_zero: 0.5766914879858193
