results:
  endofexp_other_rating_neg: 0.25392761358171423
  endofexp_other_rating_pos: 0.20016207162127847
  endofexp_other_rating_zero: 0.5459103147970072
  endofexp_p_self_action_press: 0.6
  endofexp_self_rating_neg: 0.00026004264358445265
  endofexp_self_rating_pos: 0.9706724421197318
  endofexp_self_rating_zero: 0.029067515236683748
