results:
  endofexp_other_rating_neg: 0.35236062194724993
  endofexp_other_rating_pos: 0.1512640855661239
  endofexp_other_rating_zero: 0.49637529248662626
  endofexp_p_self_action_press: 0.32
  endofexp_self_rating_neg: 0.9718770360429081
  endofexp_self_rating_pos: 0.00026552775733245114
  endofexp_self_rating_zero: 0.027857436199759434
