results:
  endofexp_other_rating_neg: 0.000555337792499348
  endofexp_other_rating_pos: 0.9480901800051109
  endofexp_other_rating_zero: 0.051354482202389716
  endofexp_p_self_action_press: 0.04
  endofexp_self_rating_neg: 0.5715158035396889
  endofexp_self_rating_pos: 0.07923284900271682
  endofexp_self_rating_zero: 0.34925134745759434
