results:
  endofexp_other_rating_neg: 0.4831676325725587
  endofexp_other_rating_pos: 0.047617121537475986
  endofexp_other_rating_zero: 0.4692152458899655
  endofexp_p_self_action_press: 0.56
  endofexp_self_rating_neg: 0.00024554980050877647
  endofexp_self_rating_pos: 0.9644790157719692
  endofexp_self_rating_zero: 0.0352754344275221
