results:
  endofexp_other_rating_neg: 0.28734211298270546
  endofexp_other_rating_pos: 0.21645125069723622
  endofexp_other_rating_zero: 0.4962066363200584
  endofexp_p_self_action_press: 0.32
  endofexp_self_rating_neg: 0.973562128497907
  endofexp_self_rating_pos: 0.00030235600645873653
  endofexp_self_rating_zero: 0.02613551549563423
