results:
  endofexp_other_rating_neg: 0.3576984669270284
  endofexp_other_rating_pos: 0.31017615444967017
  endofexp_other_rating_zero: 0.33212537862330155
  endofexp_p_self_action_press: 0.4
  endofexp_self_rating_neg: 0.32374646127251155
  endofexp_self_rating_pos: 0.2648876917854904
  endofexp_self_rating_zero: 0.41136584694199807
