results:
  endofexp_other_rating_neg: 0.21940473887272657
  endofexp_other_rating_pos: 0.4284049161054135
  endofexp_other_rating_zero: 0.3521903450218598
  endofexp_p_self_action_press: 0.44
  endofexp_self_rating_neg: 0.22573310176972494
  endofexp_self_rating_pos: 0.4206965471085521
  endofexp_self_rating_zero: 0.3535703511217229
