results:
  endofexp_other_rating_neg: 0.03896677464670784
  endofexp_other_rating_pos: 0.7142085585656511
  endofexp_other_rating_zero: 0.24682466678764098
  endofexp_p_self_action_press: 0.12
  endofexp_self_rating_neg: 0.180689656293781
  endofexp_self_rating_pos: 0.4631734496771658
  endofexp_self_rating_zero: 0.35613689402905335
