results:
  endofexp_other_rating_neg: 0.4524906318575743
  endofexp_other_rating_pos: 0.19746125986683957
  endofexp_other_rating_zero: 0.350048108275586
  endofexp_p_self_action_press: 0.6
  endofexp_self_rating_neg: 0.2368316334085575
  endofexp_self_rating_pos: 0.35210887849484246
  endofexp_self_rating_zero: 0.41105948809660003
