results:
  endofexp_other_rating_neg: 0.934356947533834
  endofexp_other_rating_pos: 0.0008760010383226845
  endofexp_other_rating_zero: 0.06476705142784328
  endofexp_p_self_action_press: 0.08
  endofexp_self_rating_neg: 0.5877104492557257
  endofexp_self_rating_pos: 0.055014735220339415
  endofexp_self_rating_zero: 0.3572748155239349
