results:
  endofexp_other_rating_neg: 0.12696901018607906
  endofexp_other_rating_pos: 0.36687133764883706
  endofexp_other_rating_zero: 0.5061596521650839
  endofexp_p_self_action_press: 0.36
  endofexp_self_rating_neg: 0.9776447937902384
  endofexp_self_rating_pos: 0.00021215007933539335
  endofexp_self_rating_zero: 0.022143056130426365
