results:
  endofexp_other_rating_neg: 0.4861283158505172
  endofexp_other_rating_pos: 0.03092903916967966
  endofexp_other_rating_zero: 0.4829426449798032
  endofexp_p_self_action_press: 0.32
  endofexp_self_rating_neg: 0.9346215253551664
  endofexp_self_rating_pos: 0.00046382122566271134
  endofexp_self_rating_zero: 0.06491465341917083
