results:
  endofexp_other_rating_neg: 0.27727956622115046
  endofexp_other_rating_pos: 0.2024245944688239
  endofexp_other_rating_zero: 0.5202958393100257
  endofexp_p_self_action_press: 0.32
  endofexp_self_rating_neg: 0.975008520952597
  endofexp_self_rating_pos: 0.00022709897371155774
  endofexp_self_rating_zero: 0.024764380073691403
