results:
  endofexp_other_rating_neg: 0.34115979132620405
  endofexp_other_rating_pos: 0.30433788840746406
  endofexp_other_rating_zero: 0.3545023202663319
  endofexp_p_self_action_press: 0.28
  endofexp_self_rating_neg: 0.9923244981697903
  endofexp_self_rating_pos: 1.2405099471719228e-05
  endofexp_self_rating_zero: 0.0076630967307381
