results:
  endofexp_other_rating_neg: 0.1080693102377497
  endofexp_other_rating_pos: 0.5959555016801732
  endofexp_other_rating_zero: 0.2959751880820771
  endofexp_p_self_action_press: 0.04
  endofexp_self_rating_neg: 0.39854448066981285
  endofexp_self_rating_pos: 0.2509950172350287
  endofexp_self_rating_zero: 0.35046050209515833
