results:
  endofexp_other_rating_neg: 0.00567067013294327
  endofexp_other_rating_pos: 0.9274340963561392
  endofexp_other_rating_zero: 0.06689523351091763
  endofexp_p_self_action_press: 0.08
  endofexp_self_rating_neg: 0.061097730050556846
  endofexp_self_rating_pos: 0.5925446503600735
  endofexp_self_rating_zero: 0.3463576195893695
