results:
  endofexp_other_rating_neg: 0.3270565484629031
  endofexp_other_rating_pos: 0.3018565445494463
  endofexp_other_rating_zero: 0.3710869069876505
  endofexp_p_self_action_press: 0.84
  endofexp_self_rating_neg: 0.060799652866445786
  endofexp_self_rating_pos: 0.6807633291312253
  endofexp_self_rating_zero: 0.2584370180023288
