results:
  endofexp_other_rating_neg: 0.12708376855077597
  endofexp_other_rating_pos: 0.3730289882603903
  endofexp_other_rating_zero: 0.4998872431888338
  endofexp_p_self_action_press: 0.36
  endofexp_self_rating_neg: 0.9769583527412676
  endofexp_self_rating_pos: 0.00018491340110775073
  endofexp_self_rating_zero: 0.022856733857624555
