results:
  endofexp_other_rating_neg: 0.20869799806441705
  endofexp_other_rating_pos: 0.459166992149015
  endofexp_other_rating_zero: 0.3321350097865679
  endofexp_p_self_action_press: 0.56
  endofexp_self_rating_neg: 0.2623819298447331
  endofexp_self_rating_pos: 0.24552668552322918
  endofexp_self_rating_zero: 0.4920913846320378
