results:
  endofexp_other_rating_neg: 0.00042425858457936463
  endofexp_other_rating_pos: 0.9562963446164852
  endofexp_other_rating_zero: 0.04327939679893545
  endofexp_p_self_action_press: 0.08
  endofexp_self_rating_neg: 0.34299580477478897
  endofexp_self_rating_pos: 0.19242798994040264
  endofexp_self_rating_zero: 0.46457620528480825
