results:
  endofexp_other_rating_neg: 0.00024708119739416364
  endofexp_other_rating_pos: 0.9248793039306763
  endofexp_other_rating_zero: 0.07487361487192959
  endofexp_p_self_action_press: 0.16
  endofexp_self_rating_neg: 0.05043473388577467
  endofexp_self_rating_pos: 0.4406796168897086
  endofexp_self_rating_zero: 0.5088856492245167
