results:
  endofexp_other_rating_neg: 0.9606449146229675
  endofexp_other_rating_pos: 0.0005180446078568421
  endofexp_other_rating_zero: 0.038837040769175636
  endofexp_p_self_action_press: 0.08
  endofexp_self_rating_neg: 0.34633361894888703
  endofexp_self_rating_pos: 0.21538291570616627
  endofexp_self_rating_zero: 0.4382834653449467
