results:
  endofexp_other_rating_neg: 0.8192793432270133
  endofexp_other_rating_pos: 0.013449934655577676
  endofexp_other_rating_zero: 0.16727072211740907
  endofexp_p_self_action_press: 0.84
  endofexp_self_rating_neg: 0.021585588813054873
  endofexp_self_rating_pos: 0.5865384738773068
  endofexp_self_rating_zero: 0.3918759373096384
