results:
  endofexp_other_rating_neg: 0.32203416376396776
  endofexp_other_rating_pos: 0.30948557745522903
  endofexp_other_rating_zero: 0.36848025878080326
  endofexp_p_self_action_press: 0.48
  endofexp_self_rating_neg: 0.0891813741520745
  endofexp_self_rating_pos: 0.6118297171809919
  endofexp_self_rating_zero: 0.2989889086669337
