results:
  endofexp_other_rating_neg: 0.3844448709905575
  endofexp_other_rating_pos: 0.14099938277586663
  endofexp_other_rating_zero: 0.474555746233576
  endofexp_p_self_action_press: 0.32
  endofexp_self_rating_neg: 0.9755326956695077
  endofexp_self_rating_pos: 0.00031689792583466014
  endofexp_self_rating_zero: 0.024150406404657602
