results:
  endofexp_other_rating_neg: 0.21894897861511287
  endofexp_other_rating_pos: 0.2865992368087885
  endofexp_other_rating_zero: 0.49445178457609856
  endofexp_p_self_action_press: 0.32
  endofexp_self_rating_neg: 0.9763293981915325
  endofexp_self_rating_pos: 0.0002713638633632023
  endofexp_self_rating_zero: 0.023399237945104172
