results:
  endofexp_other_rating_neg: 0.2723822178240714
  endofexp_other_rating_pos: 0.38781966790866423
  endofexp_other_rating_zero: 0.33979811426726436
  endofexp_p_self_action_press: 0.56
  endofexp_self_rating_neg: 0.3838749556799557
  endofexp_self_rating_pos: 0.2430977770461378
  endofexp_self_rating_zero: 0.37302726727390656
