results:
  endofexp_other_rating_neg: 0.10134252281817212
  endofexp_other_rating_pos: 0.3636293728698725
  endofexp_other_rating_zero: 0.5350281043119555
  endofexp_p_self_action_press: 0.64
  endofexp_self_rating_neg: 0.00017125201385806467
  endofexp_self_rating_pos: 0.9655734151000571
  endofexp_self_rating_zero: 0.0342553328860848
