results:
  endofexp_other_rating_neg: 0.8305828052017493
  endofexp_other_rating_pos: 0.0034350734845541033
  endofexp_other_rating_zero: 0.1659821213136964
  endofexp_p_self_action_press: 0.08
  endofexp_self_rating_neg: 0.3072833863126145
  endofexp_self_rating_pos: 0.08439743609812
  endofexp_self_rating_zero: 0.6083191775892656
