results:
  endofexp_other_rating_neg: 0.8250290485776937
  endofexp_other_rating_pos: 0.012483781079706007
  endofexp_other_rating_zero: 0.16248717034260046
  endofexp_p_self_action_press: 0.08
  endofexp_self_rating_neg: 0.32187189954288237
  endofexp_self_rating_pos: 0.1310271505005207
  endofexp_self_rating_zero: 0.547100949956597
