results:
  endofexp_other_rating_neg: 0.4460117205837331
  endofexp_other_rating_pos: 0.2140496378359913
  endofexp_other_rating_zero: 0.3399386415802757
  endofexp_p_self_action_press: 0.52
  endofexp_self_rating_neg: 0.4467676634185173
  endofexp_self_rating_pos: 0.1820789173104234
  endofexp_self_rating_zero: 0.3711534192710592
