results:
  endofexp_other_rating_neg: 0.2065256927908014
  endofexp_other_rating_pos: 0.21481403421862905
  endofexp_other_rating_zero: 0.5786602729905695
  endofexp_p_self_action_press: 0.64
  endofexp_self_rating_neg: 0.00022531150345265162
  endofexp_self_rating_pos: 0.9654139939137713
  endofexp_self_rating_zero: 0.034360694582776095
