results:
  endofexp_other_rating_neg: 0.26493679123769287
  endofexp_other_rating_pos: 0.21931003736382665
  endofexp_other_rating_zero: 0.5157531713984805
  endofexp_p_self_action_press: 0.32
  endofexp_self_rating_neg: 0.9704796446462186
  endofexp_self_rating_pos: 0.0003178094786335735
  endofexp_self_rating_zero: 0.029202545875147656
