results:
  endofexp_other_rating_neg: 0.7496056037266197
  endofexp_other_rating_pos: 0.0323770075951843
  endofexp_other_rating_zero: 0.21801738867819603
  endofexp_p_self_action_press: 0.08
  endofexp_self_rating_neg: 0.7975201090150191
  endofexp_self_rating_pos: 0.003952381213985429
  endofexp_self_rating_zero: 0.1985275097709954
