results:
  endofexp_other_rating_neg: 0.0419445859004121
  endofexp_other_rating_pos: 0.7059093039644772
  endofexp_other_rating_zero: 0.25214611013511085
  endofexp_p_self_action_press: 0.08
  endofexp_self_rating_neg: 0.36411711115937506
  endofexp_self_rating_pos: 0.26598607991630197
  endofexp_self_rating_zero: 0.369896808924323
