results:
  endofexp_other_rating_neg: 0.555374798787722
  endofexp_other_rating_pos: 0.13207036604293299
  endofexp_other_rating_zero: 0.3125548351693451
  endofexp_p_self_action_press: 0.52
  endofexp_self_rating_neg: 0.4114440804270277
  endofexp_self_rating_pos: 0.23620238148646786
  endofexp_self_rating_zero: 0.35235353808650444
