results:
  endofexp_other_rating_neg: 0.00047319602225018433
  endofexp_other_rating_pos: 0.9507500575431578
  endofexp_other_rating_zero: 0.048776746434592025
  endofexp_p_self_action_press: 0.08
  endofexp_self_rating_neg: 0.13352405693710706
  endofexp_self_rating_pos: 0.43400355877865016
  endofexp_self_rating_zero: 0.43247238428424273
