results:
  endofexp_other_rating_neg: 0.923911603101548
  endofexp_other_rating_pos: 0.0006084851418764975
  endofexp_other_rating_zero: 0.07547991175657537
  endofexp_p_self_action_press: 0.04
  endofexp_self_rating_neg: 0.645515253692749
  endofexp_self_rating_pos: 0.025301659810253722
  endofexp_self_rating_zero: 0.3291830864969973
