results:
  endofexp_other_rating_neg: 0.13749716413399618
  endofexp_other_rating_pos: 0.365164158352405
  endofexp_other_rating_zero: 0.4973386775135987
  endofexp_p_self_action_press: 0.6
  endofexp_self_rating_neg: 0.00014766182289912273
  endofexp_self_rating_pos: 0.9778290396989332
  endofexp_self_rating_zero: 0.022023298478167835
