results:
  endofexp_other_rating_neg: 0.000582028949501769
  endofexp_other_rating_pos: 0.9434689742224944
  endofexp_other_rating_zero: 0.05594899682800373
  endofexp_p_self_action_press: 0.08
  endofexp_self_rating_neg: 0.5629215942678671
  endofexp_self_rating_pos: 0.06828373778870633
  endofexp_self_rating_zero: 0.3687946679434265
