results:
  endofexp_other_rating_neg: 0.00040979084368271515
  endofexp_other_rating_pos: 0.9563414046732439
  endofexp_other_rating_zero: 0.04324880448307326
  endofexp_p_self_action_press: 0.08
  endofexp_self_rating_neg: 0.21544985917441092
  endofexp_self_rating_pos: 0.3208248141956658
  endofexp_self_rating_zero: 0.4637253266299232
