results:
  endofexp_other_rating_neg: 0.9232202736544683
  endofexp_other_rating_pos: 0.0012714299449126066
  endofexp_other_rating_zero: 0.07550829640061904
  endofexp_p_self_action_press: 0.08
  endofexp_self_rating_neg: 0.6360890141394695
  endofexp_self_rating_pos: 0.03979999762189571
  endofexp_self_rating_zero: 0.32411098823863477
