results:
  endofexp_other_rating_neg: 0.9738226994059833
  endofexp_other_rating_pos: 0.000484109148669274
  endofexp_other_rating_zero: 0.0256931914453472
  endofexp_p_self_action_press: 0.08
  endofexp_self_rating_neg: 0.5186038628340217
  endofexp_self_rating_pos: 0.1528904847015046
  endofexp_self_rating_zero: 0.3285056524644738
