results:
  endofexp_other_rating_neg: 0.22275360090174098
  endofexp_other_rating_pos: 0.5143702230426176
  endofexp_other_rating_zero: 0.26287617605564134
  endofexp_p_self_action_press: 0.32
  endofexp_self_rating_neg: 0.9907700669067566
  endofexp_self_rating_pos: 0.0001515192682670982
  endofexp_self_rating_zero: 0.009078413824976421
