results:
  endofexp_other_rating_neg: 0.10830050768430556
  endofexp_other_rating_pos: 0.5952527709803037
  endofexp_other_rating_zero: 0.29644672133539085
  endofexp_p_self_action_press: 0.96
  endofexp_self_rating_neg: 0.22743631096680575
  endofexp_self_rating_pos: 0.42204284528002384
  endofexp_self_rating_zero: 0.3505208437531705
