results:
  endofexp_other_rating_neg: 0.2610180122514039
  endofexp_other_rating_pos: 0.38638465834215785
  endofexp_other_rating_zero: 0.3525973294064383
  endofexp_p_self_action_press: 0.64
  endofexp_self_rating_neg: 8.7027771554009e-06
  endofexp_self_rating_pos: 0.993320171834428
  endofexp_self_rating_zero: 0.006671125388416613
