results:
  endofexp_other_rating_neg: 0.4059538216532966
  endofexp_other_rating_pos: 0.2444342575201153
  endofexp_other_rating_zero: 0.3496119208265881
  endofexp_p_self_action_press: 0.52
  endofexp_self_rating_neg: 0.26332367377546184
  endofexp_self_rating_pos: 0.3542116155516862
  endofexp_self_rating_zero: 0.38246471067285187
