results:
  endofexp_other_rating_neg: 6.884557111822323e-05
  endofexp_other_rating_pos: 0.9742645084404914
  endofexp_other_rating_zero: 0.025666645988390316
  endofexp_p_self_action_press: 0.84
  endofexp_self_rating_neg: 0.10190770217266189
  endofexp_self_rating_pos: 0.42421267362591053
  endofexp_self_rating_zero: 0.4738796242014275
