results:
  endofexp_other_rating_neg: 0.29155843298677675
  endofexp_other_rating_pos: 0.4095222330403686
  endofexp_other_rating_zero: 0.29891933397285464
  endofexp_p_self_action_press: 0.36
  endofexp_self_rating_neg: 0.9944301785467331
  endofexp_self_rating_pos: 3.330355867633007e-05
  endofexp_self_rating_zero: 0.005536517894590569
