results:
  endofexp_other_rating_neg: 0.2651178323859954
  endofexp_other_rating_pos: 0.2247493969864954
  endofexp_other_rating_zero: 0.5101327706275092
  endofexp_p_self_action_press: 0.28
  endofexp_self_rating_neg: 0.9677502827458108
  endofexp_self_rating_pos: 0.0003720423038082968
  endofexp_self_rating_zero: 0.031877674950381164
