results:
  endofexp_other_rating_neg: 0.00038441365414846284
  endofexp_other_rating_pos: 0.95676064063544
  endofexp_other_rating_zero: 0.042854945710411554
  endofexp_p_self_action_press: 0.08
  endofexp_self_rating_neg: 0.1900422408845477
  endofexp_self_rating_pos: 0.3500222523654337
  endofexp_self_rating_zero: 0.45993550675001865
