results:
  endofexp_other_rating_neg: 0.9418784155391813
  endofexp_other_rating_pos: 0.0007173606972859502
  endofexp_other_rating_zero: 0.05740422376353279
  endofexp_p_self_action_press: 0.04
  endofexp_self_rating_neg: 0.401409189771031
  endofexp_self_rating_pos: 0.16238290099876246
  endofexp_self_rating_zero: 0.43620790923020647
