results:
  endofexp_other_rating_neg: 0.26669391284728244
  endofexp_other_rating_pos: 0.3455152645895122
  endofexp_other_rating_zero: 0.3877908225632054
  endofexp_p_self_action_press: 0.48
  endofexp_self_rating_neg: 0.4249099729562706
  endofexp_self_rating_pos: 0.20823358288665614
  endofexp_self_rating_zero: 0.3668564441570733
