results:
  endofexp_other_rating_neg: 0.19514430195564939
  endofexp_other_rating_pos: 0.056243113931699715
  endofexp_other_rating_zero: 0.748612584112651
  endofexp_p_self_action_press: 0.4
  endofexp_self_rating_neg: 0.9915289518767023
  endofexp_self_rating_pos: 8.580089507466324e-05
  endofexp_self_rating_zero: 0.008385247228223093
