results:
  endofexp_other_rating_neg: 0.0003499565751958865
  endofexp_other_rating_pos: 0.9024726680002573
  endofexp_other_rating_zero: 0.0971773754245468
  endofexp_p_self_action_press: 0.08
  endofexp_self_rating_neg: 0.2206223912882837
  endofexp_self_rating_pos: 0.18876515475991812
  endofexp_self_rating_zero: 0.5906124539517982
