results:
  endofexp_other_rating_neg: 0.008503523577563713
  endofexp_other_rating_pos: 0.9137530530357638
  endofexp_other_rating_zero: 0.07774342338667246
  endofexp_p_self_action_press: 0.04
  endofexp_self_rating_neg: 0.2921945516917762
  endofexp_self_rating_pos: 0.337461164139558
  endofexp_self_rating_zero: 0.3703442841686657
