results:
  endofexp_other_rating_neg: 0.2217975813579505
  endofexp_other_rating_pos: 0.4323662265125459
  endofexp_other_rating_zero: 0.34583619212950356
  endofexp_p_self_action_press: 0.56
  endofexp_self_rating_neg: 1.4527020502347937e-05
  endofexp_self_rating_pos: 0.9913168207101847
  endofexp_self_rating_zero: 0.00866865226931304
