results:
  endofexp_other_rating_neg: 0.7670346568552553
  endofexp_other_rating_pos: 0.019022215844637615
  endofexp_other_rating_zero: 0.21394312730010726
  endofexp_p_self_action_press: 0.08
  endofexp_self_rating_neg: 0.8132376773155103
  endofexp_self_rating_pos: 0.0018023460859040883
  endofexp_self_rating_zero: 0.1849599765985856
