results:
  endofexp_other_rating_neg: 0.058306530821936445
  endofexp_other_rating_pos: 0.6791122340710032
  endofexp_other_rating_zero: 0.26258123510706044
  endofexp_p_self_action_press: 0.04
  endofexp_self_rating_neg: 0.37857644700225557
  endofexp_self_rating_pos: 0.25709712994421197
  endofexp_self_rating_zero: 0.36432642305353247
