results:
  endofexp_other_rating_neg: 0.19163232552246637
  endofexp_other_rating_pos: 0.5022804848006867
  endofexp_other_rating_zero: 0.30608718967684695
  endofexp_p_self_action_press: 0.4
  endofexp_self_rating_neg: 0.369190285700578
  endofexp_self_rating_pos: 0.30712594497054124
  endofexp_self_rating_zero: 0.32368376932888077
