results:
  endofexp_other_rating_neg: 0.9464842745480873
  endofexp_other_rating_pos: 0.0005262426184971968
  endofexp_other_rating_zero: 0.052989482833415584
  endofexp_p_self_action_press: 0.08
  endofexp_self_rating_neg: 0.08178349482045354
  endofexp_self_rating_pos: 0.5305539221381901
  endofexp_self_rating_zero: 0.3876625830413563
