results:
  endofexp_other_rating_neg: 0.5039229841252932
  endofexp_other_rating_pos: 0.16866101203578568
  endofexp_other_rating_zero: 0.32741600383892105
  endofexp_p_self_action_press: 0.52
  endofexp_self_rating_neg: 0.5098793680262674
  endofexp_self_rating_pos: 0.14218565611676096
  endofexp_self_rating_zero: 0.3479349758569717
