results:
  endofexp_other_rating_neg: 0.28704265904494525
  endofexp_other_rating_pos: 0.34114720556799166
  endofexp_other_rating_zero: 0.3718101353870632
  endofexp_p_self_action_press: 0.64
  endofexp_self_rating_neg: 0.15719822939115288
  endofexp_self_rating_pos: 0.46011524863892045
  endofexp_self_rating_zero: 0.38268652196992675
