results:
  endofexp_other_rating_neg: 0.3062772126663563
  endofexp_other_rating_pos: 0.34509389674988034
  endofexp_other_rating_zero: 0.34862889058376334
  endofexp_p_self_action_press: 0.44
  endofexp_self_rating_neg: 0.17910092597815683
  endofexp_self_rating_pos: 0.479268419779494
  endofexp_self_rating_zero: 0.3416306542423491
