results:
  endofexp_other_rating_neg: 0.24579606967539108
  endofexp_other_rating_pos: 0.38347115545902455
  endofexp_other_rating_zero: 0.3707327748655845
  endofexp_p_self_action_press: 0.76
  endofexp_self_rating_neg: 0.07221592254072169
  endofexp_self_rating_pos: 0.6650705382336329
  endofexp_self_rating_zero: 0.26271353922564544
