results:
  endofexp_other_rating_neg: 0.4392020624119648
  endofexp_other_rating_pos: 0.09065004045030471
  endofexp_other_rating_zero: 0.4701478971377306
  endofexp_p_self_action_press: 0.64
  endofexp_self_rating_neg: 0.00014320314574114382
  endofexp_self_rating_pos: 0.9770710991882919
  endofexp_self_rating_zero: 0.02278569766596675
