results:
  endofexp_other_rating_neg: 0.0006436225645576431
  endofexp_other_rating_pos: 0.9439019986611045
  endofexp_other_rating_zero: 0.05545437877433792
  endofexp_p_self_action_press: 0.04
  endofexp_self_rating_neg: 0.39898573803481957
  endofexp_self_rating_pos: 0.16604419046489013
  endofexp_self_rating_zero: 0.43497007150029027
