results:
  endofexp_other_rating_neg: 0.46750280761037477
  endofexp_other_rating_pos: 0.09642585282149509
  endofexp_other_rating_zero: 0.4360713395681302
  endofexp_p_self_action_press: 0.64
  endofexp_self_rating_neg: 1.1381059758692178e-05
  endofexp_self_rating_pos: 0.9897783300175544
  endofexp_self_rating_zero: 0.010210288922686812
