results:
  endofexp_other_rating_neg: 0.1936365878507657
  endofexp_other_rating_pos: 0.2882793546068818
  endofexp_other_rating_zero: 0.5180840575423524
  endofexp_p_self_action_press: 0.6
  endofexp_self_rating_neg: 0.00023233009049517032
  endofexp_self_rating_pos: 0.9730157830344341
  endofexp_self_rating_zero: 0.026751886875070803
