results:
  endofexp_other_rating_neg: 0.028809361947628644
  endofexp_other_rating_pos: 0.6371419372137725
  endofexp_other_rating_zero: 0.3340487008385988
  endofexp_p_self_action_press: 0.48
  endofexp_self_rating_neg: 0.3734241863263708
  endofexp_self_rating_pos: 0.2808950011430379
  endofexp_self_rating_zero: 0.3456808125305913
