results:
  endofexp_other_rating_neg: 0.46571888379296866
  endofexp_other_rating_pos: 0.19565730781088214
  endofexp_other_rating_zero: 0.33862380839614914
  endofexp_p_self_action_press: 0.64
  endofexp_self_rating_neg: 5.201096658936756e-06
  endofexp_self_rating_pos: 0.9945151639868041
  endofexp_self_rating_zero: 0.005479634916536755
