results:
  endofexp_other_rating_neg: 0.8451183471456053
  endofexp_other_rating_pos: 0.002087938242391307
  endofexp_other_rating_zero: 0.1527937146120034
  endofexp_p_self_action_press: 0.12
  endofexp_self_rating_neg: 0.24522282566257553
  endofexp_self_rating_pos: 0.07489754380224806
  endofexp_self_rating_zero: 0.6798796305351763
