results:
  endofexp_other_rating_neg: 0.24150976669432042
  endofexp_other_rating_pos: 0.4095494507435156
  endofexp_other_rating_zero: 0.34894078256216393
  endofexp_p_self_action_press: 0.64
  endofexp_self_rating_neg: 4.856350789137017e-06
  endofexp_self_rating_pos: 0.9951242746511167
  endofexp_self_rating_zero: 0.0048708689980939785
