results:
  endofexp_other_rating_neg: 0.9527173981373106
  endofexp_other_rating_pos: 0.0002198450637244749
  endofexp_other_rating_zero: 0.04706275679896498
  endofexp_p_self_action_press: 0.88
  endofexp_self_rating_neg: 0.03573402067738734
  endofexp_self_rating_pos: 0.638497633093783
  endofexp_self_rating_zero: 0.32576834622882966
