results:
  endofexp_other_rating_neg: 0.09629939259433251
  endofexp_other_rating_pos: 0.49249401537413207
  endofexp_other_rating_zero: 0.4112065920315355
  endofexp_p_self_action_press: 0.28
  endofexp_self_rating_neg: 0.9728019706781307
  endofexp_self_rating_pos: 0.0003880242833058108
  endofexp_self_rating_zero: 0.026810005038563584
