results:
  endofexp_other_rating_neg: 0.8202475731791786
  endofexp_other_rating_pos: 0.012513082948920926
  endofexp_other_rating_zero: 0.16723934387190043
  endofexp_p_self_action_press: 0.88
  endofexp_self_rating_neg: 0.024281076616370287
  endofexp_self_rating_pos: 0.5552681154390998
  endofexp_self_rating_zero: 0.42045080794452977
