results:
  endofexp_other_rating_neg: 0.00024626867302019395
  endofexp_other_rating_pos: 0.9635154881062272
  endofexp_other_rating_zero: 0.036238243220752704
  endofexp_p_self_action_press: 0.92
  endofexp_self_rating_neg: 0.03959124229559971
  endofexp_self_rating_pos: 0.6808258374825003
  endofexp_self_rating_zero: 0.2795829202219
