results:
  endofexp_other_rating_neg: 0.43884205126482145
  endofexp_other_rating_pos: 0.2181207724252212
  endofexp_other_rating_zero: 0.34303717630995734
  endofexp_p_self_action_press: 0.48
  endofexp_self_rating_neg: 0.22256762215035533
  endofexp_self_rating_pos: 0.43306780500212677
  endofexp_self_rating_zero: 0.3443645728475179
