results:
  endofexp_other_rating_neg: 0.4064839577508831
  endofexp_other_rating_pos: 0.11802809232861895
  endofexp_other_rating_zero: 0.4754879499204981
  endofexp_p_self_action_press: 0.28
  endofexp_self_rating_neg: 0.9677159820526494
  endofexp_self_rating_pos: 0.0003671180370784541
  endofexp_self_rating_zero: 0.03191689991027222
