results:
  endofexp_other_rating_neg: 0.23640707350848844
  endofexp_other_rating_pos: 0.23726508557931533
  endofexp_other_rating_zero: 0.5263278409121962
  endofexp_p_self_action_press: 0.36
  endofexp_self_rating_neg: 0.9765327887571245
  endofexp_self_rating_pos: 0.00016999803634849548
  endofexp_self_rating_zero: 0.02329721320652702
