results:
  endofexp_other_rating_neg: 0.12634520414041098
  endofexp_other_rating_pos: 0.3043088580283582
  endofexp_other_rating_zero: 0.5693459378312309
  endofexp_p_self_action_press: 0.6
  endofexp_self_rating_neg: 0.00016875407944386616
  endofexp_self_rating_pos: 0.9704112884840977
  endofexp_self_rating_zero: 0.029419957436458467
