results:
  endofexp_other_rating_neg: 0.19308737498432632
  endofexp_other_rating_pos: 0.2280505549342405
  endofexp_other_rating_zero: 0.5788620700814331
  endofexp_p_self_action_press: 0.6
  endofexp_self_rating_neg: 0.00013641699080345853
  endofexp_self_rating_pos: 0.9739972102426397
  endofexp_self_rating_zero: 0.02586637276655679
