results:
  endofexp_other_rating_neg: 0.4185301309355738
  endofexp_other_rating_pos: 0.12530702285396458
  endofexp_other_rating_zero: 0.4561628462104617
  endofexp_p_self_action_press: 0.64
  endofexp_self_rating_neg: 1.716719773989169e-05
  endofexp_self_rating_pos: 0.9850190047287988
  endofexp_self_rating_zero: 0.014963828073461416
