results:
  endofexp_other_rating_neg: 0.30943343139143503
  endofexp_other_rating_pos: 0.33859564442419654
  endofexp_other_rating_zero: 0.3519709241843685
  endofexp_p_self_action_press: 0.6
  endofexp_self_rating_neg: 0.3192724381470949
  endofexp_self_rating_pos: 0.28936155889728565
  endofexp_self_rating_zero: 0.3913660029556196
