results:
  endofexp_other_rating_neg: 0.04205404970692103
  endofexp_other_rating_pos: 0.4814442151195775
  endofexp_other_rating_zero: 0.47650173517350153
  endofexp_p_self_action_press: 0.64
  endofexp_self_rating_neg: 0.00017771962519738538
  endofexp_self_rating_pos: 0.9659019842633512
  endofexp_self_rating_zero: 0.03392029611145133
