results:
  endofexp_other_rating_neg: 0.014227046388955087
  endofexp_other_rating_pos: 0.8917541989571804
  endofexp_other_rating_zero: 0.09401875465386467
  endofexp_p_self_action_press: 0.08
  endofexp_self_rating_neg: 0.6908603821787662
  endofexp_self_rating_pos: 0.06292955801049949
  endofexp_self_rating_zero: 0.2462100598107343
