results:
  endofexp_other_rating_neg: 0.29314198866986296
  endofexp_other_rating_pos: 0.37974927862081875
  endofexp_other_rating_zero: 0.32710873270931834
  endofexp_p_self_action_press: 0.36
  endofexp_self_rating_neg: 0.993068656388807
  endofexp_self_rating_pos: 3.719406338952841e-05
  endofexp_self_rating_zero: 0.006894149547803466
