results:
  endofexp_other_rating_neg: 0.0006267069247470141
  endofexp_other_rating_pos: 0.9419047412848582
  endofexp_other_rating_zero: 0.05746855179039471
  endofexp_p_self_action_press: 0.08
  endofexp_self_rating_neg: 0.5786675010233181
  endofexp_self_rating_pos: 0.05841451559804238
  endofexp_self_rating_zero: 0.3629179833786395
