results:
  endofexp_other_rating_neg: 0.15009955260687444
  endofexp_other_rating_pos: 0.32174894696672884
  endofexp_other_rating_zero: 0.5281515004263967
  endofexp_p_self_action_press: 0.64
  endofexp_self_rating_neg: 0.0002269329642219473
  endofexp_self_rating_pos: 0.967755626063154
  endofexp_self_rating_zero: 0.032017440972624024
