results:
  endofexp_other_rating_neg: 0.7854523031798337
  endofexp_other_rating_pos: 0.02144282192366166
  endofexp_other_rating_zero: 0.19310487489650452
  endofexp_p_self_action_press: 0.08
  endofexp_self_rating_neg: 0.6589239692276809
  endofexp_self_rating_pos: 0.019719963049597177
  endofexp_self_rating_zero: 0.32135606772272185
