results:
  endofexp_other_rating_neg: 0.23398064954281092
  endofexp_other_rating_pos: 0.2703997763351257
  endofexp_other_rating_zero: 0.49561957412206353
  endofexp_p_self_action_press: 0.32
  endofexp_self_rating_neg: 0.9735952904632459
  endofexp_self_rating_pos: 0.0003284782258752088
  endofexp_self_rating_zero: 0.026076231310878894
