results:
  endofexp_other_rating_neg: 0.13642269360808315
  endofexp_other_rating_pos: 0.30444318256475444
  endofexp_other_rating_zero: 0.5591341238271624
  endofexp_p_self_action_press: 0.64
  endofexp_self_rating_neg: 0.00015922871328583627
  endofexp_self_rating_pos: 0.9692741674092018
  endofexp_self_rating_zero: 0.03056660387751242
