results:
  endofexp_other_rating_neg: 0.3359906371945597
  endofexp_other_rating_pos: 0.15647118080027486
  endofexp_other_rating_zero: 0.5075381820051654
  endofexp_p_self_action_press: 0.6
  endofexp_self_rating_neg: 0.00023181384859777913
  endofexp_self_rating_pos: 0.9731026740914015
  endofexp_self_rating_zero: 0.026665512060000566
