results:
  endofexp_other_rating_neg: 0.0002850141555668614
  endofexp_other_rating_pos: 0.9672470717490488
  endofexp_other_rating_zero: 0.03246791409538431
  endofexp_p_self_action_press: 0.08
  endofexp_self_rating_neg: 0.05662067234394775
  endofexp_self_rating_pos: 0.6299565780419588
  endofexp_self_rating_zero: 0.3134227496140934
