results:
  endofexp_other_rating_neg: 0.9647130639229035
  endofexp_other_rating_pos: 0.00022731494735874443
  endofexp_other_rating_zero: 0.03505962112973775
  endofexp_p_self_action_press: 0.12
  endofexp_self_rating_neg: 0.10361290932088882
  endofexp_self_rating_pos: 0.45428944888764744
  endofexp_self_rating_zero: 0.4420976417914637
