results:
  endofexp_other_rating_neg: 0.26789796060797
  endofexp_other_rating_pos: 0.35641984190653925
  endofexp_other_rating_zero: 0.37568219748549075
  endofexp_p_self_action_press: 0.52
  endofexp_self_rating_neg: 0.13335139597831777
  endofexp_self_rating_pos: 0.5601807901293587
  endofexp_self_rating_zero: 0.30646781389232347
