results:
  endofexp_other_rating_neg: 0.9363658494729892
  endofexp_other_rating_pos: 0.0004814815350284897
  endofexp_other_rating_zero: 0.0631526689919824
  endofexp_p_self_action_press: 0.08
  endofexp_self_rating_neg: 0.016455501977798534
  endofexp_self_rating_pos: 0.7000706771512005
  endofexp_self_rating_zero: 0.28347382087100104
