results:
  endofexp_other_rating_neg: 0.1027297834107905
  endofexp_other_rating_pos: 0.6021757651504593
  endofexp_other_rating_zero: 0.29509445143875007
  endofexp_p_self_action_press: 0.96
  endofexp_self_rating_neg: 0.23498142822733986
  endofexp_self_rating_pos: 0.4137079820575467
  endofexp_self_rating_zero: 0.35131058971511353
