results:
  endofexp_other_rating_neg: 0.2698836397308765
  endofexp_other_rating_pos: 0.20825631641946474
  endofexp_other_rating_zero: 0.5218600438496588
  endofexp_p_self_action_press: 0.64
  endofexp_self_rating_neg: 0.00021186996767109348
  endofexp_self_rating_pos: 0.9747334668472216
  endofexp_self_rating_zero: 0.025054663185107396
