results:
  endofexp_other_rating_neg: 0.00031973982824017386
  endofexp_other_rating_pos: 0.9598239784384622
  endofexp_other_rating_zero: 0.03985628173329775
  endofexp_p_self_action_press: 0.08
  endofexp_self_rating_neg: 0.29732748088879735
  endofexp_self_rating_pos: 0.23520206842607236
  endofexp_self_rating_zero: 0.4674704506851304
