results:
  endofexp_other_rating_neg: 0.19388888891381378
  endofexp_other_rating_pos: 0.3040775777917949
  endofexp_other_rating_zero: 0.5020335332943913
  endofexp_p_self_action_press: 0.68
  endofexp_self_rating_neg: 0.00014241434870568617
  endofexp_self_rating_pos: 0.9713670454979743
  endofexp_self_rating_zero: 0.028490540153319973
