results:
  endofexp_other_rating_neg: 0.23729684319306119
  endofexp_other_rating_pos: 0.3766330742735509
  endofexp_other_rating_zero: 0.38607008253338787
  endofexp_p_self_action_press: 0.48
  endofexp_self_rating_neg: 0.28139509213764696
  endofexp_self_rating_pos: 0.33578586374981245
  endofexp_self_rating_zero: 0.38281904411254053
