results:
  endofexp_other_rating_neg: 0.129314235876134
  endofexp_other_rating_pos: 0.2776078093055124
  endofexp_other_rating_zero: 0.5930779548183536
  endofexp_p_self_action_press: 0.32
  endofexp_self_rating_neg: 0.9579621074971079
  endofexp_self_rating_pos: 0.0002170516620293166
  endofexp_self_rating_zero: 0.041820840840863
