results:
  endofexp_other_rating_neg: 0.9483562814697782
  endofexp_other_rating_pos: 0.0002492578283336243
  endofexp_other_rating_zero: 0.05139446070188809
  endofexp_p_self_action_press: 0.08
  endofexp_self_rating_neg: 0.1556283178044317
  endofexp_self_rating_pos: 0.33426088474211363
  endofexp_self_rating_zero: 0.5101107974534547
