results:
  endofexp_other_rating_neg: 0.9540298606249166
  endofexp_other_rating_pos: 0.00036272245139563344
  endofexp_other_rating_zero: 0.0456074169236878
  endofexp_p_self_action_press: 0.08
  endofexp_self_rating_neg: 0.15312921037392918
  endofexp_self_rating_pos: 0.37663823115853046
  endofexp_self_rating_zero: 0.47023255846754036
