results:
  endofexp_other_rating_neg: 0.15017236387628324
  endofexp_other_rating_pos: 0.2159389683675137
  endofexp_other_rating_zero: 0.633888667756203
  endofexp_p_self_action_press: 0.28
  endofexp_self_rating_neg: 0.9615611798393537
  endofexp_self_rating_pos: 0.00015713460584889112
  endofexp_self_rating_zero: 0.03828168555479724
