results:
  endofexp_other_rating_neg: 0.03619125913636538
  endofexp_other_rating_pos: 0.6998303811301617
  endofexp_other_rating_zero: 0.2639783597334729
  endofexp_p_self_action_press: 0.64
  endofexp_self_rating_neg: 0.1914862664672873
  endofexp_self_rating_pos: 0.4163244442495716
  endofexp_self_rating_zero: 0.3921892892831412
