results:
  endofexp_other_rating_neg: 0.000396059236890775
  endofexp_other_rating_pos: 0.9544499228555304
  endofexp_other_rating_zero: 0.045154017907578683
  endofexp_p_self_action_press: 0.08
  endofexp_self_rating_neg: 0.34989128464810504
  endofexp_self_rating_pos: 0.1923647986576322
  endofexp_self_rating_zero: 0.4577439166942628
