results:
  endofexp_other_rating_neg: 0.30878687992265375
  endofexp_other_rating_pos: 0.3285507974248295
  endofexp_other_rating_zero: 0.3626623226525167
  endofexp_p_self_action_press: 0.48
  endofexp_self_rating_neg: 0.2722782393600125
  endofexp_self_rating_pos: 0.37834745328738584
  endofexp_self_rating_zero: 0.34937430735260167
