results:
  endofexp_other_rating_neg: 0.3655123575151348
  endofexp_other_rating_pos: 0.28474588632561365
  endofexp_other_rating_zero: 0.3497417561592517
  endofexp_p_self_action_press: 0.44
  endofexp_self_rating_neg: 0.6024081274805283
  endofexp_self_rating_pos: 0.07109033556320184
  endofexp_self_rating_zero: 0.32650153695626977
