results:
  endofexp_other_rating_neg: 0.32090833117954554
  endofexp_other_rating_pos: 0.15479278565612498
  endofexp_other_rating_zero: 0.5242988831643294
  endofexp_p_self_action_press: 0.64
  endofexp_self_rating_neg: 0.00021119071624744554
  endofexp_self_rating_pos: 0.9711557838931942
  endofexp_self_rating_zero: 0.02863302539055821
