results:
  endofexp_other_rating_neg: 0.21087324581558106
  endofexp_other_rating_pos: 0.26984019591353986
  endofexp_other_rating_zero: 0.5192865582708791
  endofexp_p_self_action_press: 0.6
  endofexp_self_rating_neg: 0.0002039925742020002
  endofexp_self_rating_pos: 0.9747908772971391
  endofexp_self_rating_zero: 0.025005130128658945
