results:
  endofexp_other_rating_neg: 0.34488030540951053
  endofexp_other_rating_pos: 0.3134370881873113
  endofexp_other_rating_zero: 0.34168260640317816
  endofexp_p_self_action_press: 0.48
  endofexp_self_rating_neg: 0.3780691223682533
  endofexp_self_rating_pos: 0.23674369593193695
  endofexp_self_rating_zero: 0.38518718169980976
