results:
  endofexp_other_rating_neg: 0.3606327046695708
  endofexp_other_rating_pos: 0.2845892269947698
  endofexp_other_rating_zero: 0.3547780683356595
  endofexp_p_self_action_press: 0.6
  endofexp_self_rating_neg: 5.534686602869409e-06
  endofexp_self_rating_pos: 0.9941980940295085
  endofexp_self_rating_zero: 0.005796371283888633
