results:
  endofexp_other_rating_neg: 0.29340785498177707
  endofexp_other_rating_pos: 0.3593637240818145
  endofexp_other_rating_zero: 0.3472284209364085
  endofexp_p_self_action_press: 0.52
  endofexp_self_rating_neg: 0.49122411552988404
  endofexp_self_rating_pos: 0.1557054418791472
  endofexp_self_rating_zero: 0.35307044259096865
