results:
  endofexp_other_rating_neg: 0.3125536826751824
  endofexp_other_rating_pos: 0.3250655198019237
  endofexp_other_rating_zero: 0.36238079752289387
  endofexp_p_self_action_press: 0.48
  endofexp_self_rating_neg: 0.3853603319367155
  endofexp_self_rating_pos: 0.26868028045693115
  endofexp_self_rating_zero: 0.34595938760635336
