results:
  endofexp_other_rating_neg: 0.01216561821883275
  endofexp_other_rating_pos: 0.8279340539497138
  endofexp_other_rating_zero: 0.15990032783145353
  endofexp_p_self_action_press: 0.12
  endofexp_self_rating_neg: 0.37427336235559827
  endofexp_self_rating_pos: 0.09493719232707502
  endofexp_self_rating_zero: 0.5307894453173267
