results:
  endofexp_other_rating_neg: 0.01174937833181222
  endofexp_other_rating_pos: 0.8292384388314751
  endofexp_other_rating_zero: 0.1590121828367127
  endofexp_p_self_action_press: 0.08
  endofexp_self_rating_neg: 0.15101878400132474
  endofexp_self_rating_pos: 0.2904775097576153
  endofexp_self_rating_zero: 0.5585037062410599
