results:
  endofexp_other_rating_neg: 0.18822743946971882
  endofexp_other_rating_pos: 0.3699077960987759
  endofexp_other_rating_zero: 0.4418647644315053
  endofexp_p_self_action_press: 0.56
  endofexp_self_rating_neg: 0.3793811061305316
  endofexp_self_rating_pos: 0.25005429679128427
  endofexp_self_rating_zero: 0.3705645970781841
