results:
  endofexp_other_rating_neg: 0.8283290492868093
  endofexp_other_rating_pos: 0.011624055891565354
  endofexp_other_rating_zero: 0.16004689482162537
  endofexp_p_self_action_press: 0.08
  endofexp_self_rating_neg: 0.24129671920848939
  endofexp_self_rating_pos: 0.17948992721000942
  endofexp_self_rating_zero: 0.5792133535815012
