results:
  endofexp_other_rating_neg: 0.9385758489676207
  endofexp_other_rating_pos: 0.0004811587363215439
  endofexp_other_rating_zero: 0.06094299229605778
  endofexp_p_self_action_press: 0.08
  endofexp_self_rating_neg: 0.6825085642723405
  endofexp_self_rating_pos: 0.024890762948158493
  endofexp_self_rating_zero: 0.2926006727795009
