results:
  endofexp_other_rating_neg: 0.016093710823143356
  endofexp_other_rating_pos: 0.8087973793291875
  endofexp_other_rating_zero: 0.17510890984766925
  endofexp_p_self_action_press: 0.08
  endofexp_self_rating_neg: 0.43055740241667206
  endofexp_self_rating_pos: 0.08051970754658826
  endofexp_self_rating_zero: 0.4889228900367398
