results:
  endofexp_other_rating_neg: 0.0024013585031462345
  endofexp_other_rating_pos: 0.902419679366538
  endofexp_other_rating_zero: 0.09517896213031588
  endofexp_p_self_action_press: 0.08
  endofexp_self_rating_neg: 0.662511225090036
  endofexp_self_rating_pos: 0.03266656471982793
  endofexp_self_rating_zero: 0.3048222101901361
