results:
  endofexp_other_rating_neg: 0.20342761689221986
  endofexp_other_rating_pos: 0.2004467344822142
  endofexp_other_rating_zero: 0.5961256486255659
  endofexp_p_self_action_press: 0.28
  endofexp_self_rating_neg: 0.9629792025268672
  endofexp_self_rating_pos: 0.00017938659833427066
  endofexp_self_rating_zero: 0.036841410874798426
