results:
  endofexp_other_rating_neg: 0.00028589351803595626
  endofexp_other_rating_pos: 0.956628131816187
  endofexp_other_rating_zero: 0.04308597466577709
  endofexp_p_self_action_press: 0.08
  endofexp_self_rating_neg: 0.155410446143094
  endofexp_self_rating_pos: 0.37408338983861805
  endofexp_self_rating_zero: 0.47050616401828804
