results:
  endofexp_other_rating_neg: 0.33000260139450466
  endofexp_other_rating_pos: 0.3161228268256763
  endofexp_other_rating_zero: 0.35387457177981907
  endofexp_p_self_action_press: 0.64
  endofexp_self_rating_neg: 1.5526279317990195e-05
  endofexp_self_rating_pos: 0.991070623359901
  endofexp_self_rating_zero: 0.008913850360781073
