results:
  endofexp_other_rating_neg: 0.9421937452559774
  endofexp_other_rating_pos: 0.0007260772280798596
  endofexp_other_rating_zero: 0.05708017751594274
  endofexp_p_self_action_press: 0.04
  endofexp_self_rating_neg: 0.38649134374228566
  endofexp_self_rating_pos: 0.17481790282112508
  endofexp_self_rating_zero: 0.4386907534365892
