results:
  endofexp_other_rating_neg: 0.4071831849625958
  endofexp_other_rating_pos: 0.24225452432823813
  endofexp_other_rating_zero: 0.35056229070916606
  endofexp_p_self_action_press: 0.64
  endofexp_self_rating_neg: 6.7590884214228825e-06
  endofexp_self_rating_pos: 0.9944590130183488
  endofexp_self_rating_zero: 0.005534227893229746
