results:
  endofexp_other_rating_neg: 0.29161495273904336
  endofexp_other_rating_pos: 0.36674999522957025
  endofexp_other_rating_zero: 0.3416350520313864
  endofexp_p_self_action_press: 0.52
  endofexp_self_rating_neg: 0.14048986521268605
  endofexp_self_rating_pos: 0.530685722847775
  endofexp_self_rating_zero: 0.32882441193953893
