results:
  endofexp_other_rating_neg: 0.0004128189395337097
  endofexp_other_rating_pos: 0.9568121728862405
  endofexp_other_rating_zero: 0.042775008174225755
  endofexp_p_self_action_press: 0.08
  endofexp_self_rating_neg: 0.19319253392557617
  endofexp_self_rating_pos: 0.3472942503975551
  endofexp_self_rating_zero: 0.4595132156768687
