results:
  endofexp_other_rating_neg: 0.09217606605621398
  endofexp_other_rating_pos: 0.4467118469090387
  endofexp_other_rating_zero: 0.4611120870347474
  endofexp_p_self_action_press: 0.28
  endofexp_self_rating_neg: 0.9693665615336019
  endofexp_self_rating_pos: 0.0003382053649838909
  endofexp_self_rating_zero: 0.03029523310141416
