results:
  endofexp_other_rating_neg: 0.46071434309202697
  endofexp_other_rating_pos: 0.18859553032897372
  endofexp_other_rating_zero: 0.35069012657899934
  endofexp_p_self_action_press: 0.44
  endofexp_self_rating_neg: 0.4015749967312613
  endofexp_self_rating_pos: 0.24088046180012881
  endofexp_self_rating_zero: 0.35754454146861
