results:
  endofexp_other_rating_neg: 0.0002604251607065456
  endofexp_other_rating_pos: 0.969636164194832
  endofexp_other_rating_zero: 0.030103410644461363
  endofexp_p_self_action_press: 0.92
  endofexp_self_rating_neg: 0.0437741661791427
  endofexp_self_rating_pos: 0.6725111379982388
  endofexp_self_rating_zero: 0.2837146958226185
