results:
  endofexp_other_rating_neg: 0.1899389309409845
  endofexp_other_rating_pos: 0.4595856292868743
  endofexp_other_rating_zero: 0.35047543977214113
  endofexp_p_self_action_press: 0.44
  endofexp_self_rating_neg: 0.1599995064012809
  endofexp_self_rating_pos: 0.4905823275852423
  endofexp_self_rating_zero: 0.34941816601347686
