results:
  endofexp_other_rating_neg: 0.8334282628812505
  endofexp_other_rating_pos: 0.010634130575672425
  endofexp_other_rating_zero: 0.155937606543077
  endofexp_p_self_action_press: 0.12
  endofexp_self_rating_neg: 0.06422197731163895
  endofexp_self_rating_pos: 0.4419577604498726
  endofexp_self_rating_zero: 0.49382026223848835
