results:
  endofexp_other_rating_neg: 0.47751895889106644
  endofexp_other_rating_pos: 0.16579514912353233
  endofexp_other_rating_zero: 0.35668589198540124
  endofexp_p_self_action_press: 0.44
  endofexp_self_rating_neg: 0.581584276286414
  endofexp_self_rating_pos: 0.11078643907216756
  endofexp_self_rating_zero: 0.3076292846414185
