results:
  endofexp_other_rating_neg: 0.0003425782523114412
  endofexp_other_rating_pos: 0.9587902508042166
  endofexp_other_rating_zero: 0.04086717094347194
  endofexp_p_self_action_press: 0.08
  endofexp_self_rating_neg: 0.34824701973242006
  endofexp_self_rating_pos: 0.1876802369209876
  endofexp_self_rating_zero: 0.4640727433465923
