results:
  endofexp_other_rating_neg: 0.009139755107077667
  endofexp_other_rating_pos: 0.9156977021115583
  endofexp_other_rating_zero: 0.07516254278136397
  endofexp_p_self_action_press: 0.08
  endofexp_self_rating_neg: 0.007732421619749701
  endofexp_self_rating_pos: 0.842475678244051
  endofexp_self_rating_zero: 0.14979190013619922
