results:
  endofexp_other_rating_neg: 0.010158668494832986
  endofexp_other_rating_pos: 0.8375674586589353
  endofexp_other_rating_zero: 0.1522738728462317
  endofexp_p_self_action_press: 0.12
  endofexp_self_rating_neg: 0.07896865902508163
  endofexp_self_rating_pos: 0.40332916337473557
  endofexp_self_rating_zero: 0.5177021776001828
