results:
  endofexp_other_rating_neg: 0.3397699375960018
  endofexp_other_rating_pos: 0.17901532511497398
  endofexp_other_rating_zero: 0.4812147372890241
  endofexp_p_self_action_press: 0.32
  endofexp_self_rating_neg: 0.9761241147249893
  endofexp_self_rating_pos: 0.00029545993170821143
  endofexp_self_rating_zero: 0.023580425343302656
