results:
  endofexp_other_rating_neg: 0.2696673140911174
  endofexp_other_rating_pos: 0.18001551237938127
  endofexp_other_rating_zero: 0.5503171735295014
  endofexp_p_self_action_press: 0.6
  endofexp_self_rating_neg: 0.00021109559854768636
  endofexp_self_rating_pos: 0.9712619229584871
  endofexp_self_rating_zero: 0.02852698144296524
