results:
  endofexp_other_rating_neg: 0.30719427656020676
  endofexp_other_rating_pos: 0.3231542933704015
  endofexp_other_rating_zero: 0.3696514300693916
  endofexp_p_self_action_press: 0.12
  endofexp_self_rating_neg: 0.6640263847694822
  endofexp_self_rating_pos: 0.07044244809840226
  endofexp_self_rating_zero: 0.2655311671321156
