results:
  endofexp_other_rating_neg: 0.00019253827312756158
  endofexp_other_rating_pos: 0.9090392078616863
  endofexp_other_rating_zero: 0.09076825386518624
  endofexp_p_self_action_press: 0.8
  endofexp_self_rating_neg: 0.04540018224366349
  endofexp_self_rating_pos: 0.40662605427005083
  endofexp_self_rating_zero: 0.5479737634862857
