results:
  endofexp_other_rating_neg: 0.26194187996828044
  endofexp_other_rating_pos: 0.1394330690902338
  endofexp_other_rating_zero: 0.5986250509414857
  endofexp_p_self_action_press: 0.28
  endofexp_self_rating_neg: 0.9548125520783559
  endofexp_self_rating_pos: 0.00023901473262393272
  endofexp_self_rating_zero: 0.04494843318902008
