results:
  endofexp_other_rating_neg: 0.0003686540968715702
  endofexp_other_rating_pos: 0.9571882458002879
  endofexp_other_rating_zero: 0.042443100102840435
  endofexp_p_self_action_press: 0.08
  endofexp_self_rating_neg: 0.15525238302878078
  endofexp_self_rating_pos: 0.39386706388105164
  endofexp_self_rating_zero: 0.4508805530901676
