results:
  endofexp_other_rating_neg: 0.3976036657883215
  endofexp_other_rating_pos: 0.11859769246435914
  endofexp_other_rating_zero: 0.4837986417473194
  endofexp_p_self_action_press: 0.32
  endofexp_self_rating_neg: 0.9700863519527517
  endofexp_self_rating_pos: 0.00030474477897269843
  endofexp_self_rating_zero: 0.02960890326827561
