results:
  endofexp_other_rating_neg: 0.2146375036963132
  endofexp_other_rating_pos: 0.23331905777131717
  endofexp_other_rating_zero: 0.5520434385323696
  endofexp_p_self_action_press: 0.6
  endofexp_self_rating_neg: 0.0002641993006734853
  endofexp_self_rating_pos: 0.9705030770635708
  endofexp_self_rating_zero: 0.02923272363575586
