results:
  endofexp_other_rating_neg: 0.828650367936336
  endofexp_other_rating_pos: 0.003693814449308436
  endofexp_other_rating_zero: 0.16765581761435563
  endofexp_p_self_action_press: 0.08
  endofexp_self_rating_neg: 0.31805689382207775
  endofexp_self_rating_pos: 0.08152741331445515
  endofexp_self_rating_zero: 0.6004156928634671
