results:
  endofexp_other_rating_neg: 0.30297163141161604
  endofexp_other_rating_pos: 0.3494616578759839
  endofexp_other_rating_zero: 0.3475667107124002
  endofexp_p_self_action_press: 0.52
  endofexp_self_rating_neg: 0.2098209327109155
  endofexp_self_rating_pos: 0.4468816843224758
  endofexp_self_rating_zero: 0.34329738296660867
