results:
  endofexp_other_rating_neg: 0.9317338326785721
  endofexp_other_rating_pos: 0.0002028821053849401
  endofexp_other_rating_zero: 0.06806328521604289
  endofexp_p_self_action_press: 0.08
  endofexp_self_rating_neg: 0.4162077722014991
  endofexp_self_rating_pos: 0.0675495944823171
  endofexp_self_rating_zero: 0.5162426333161838
