results:
  endofexp_other_rating_neg: 0.0006274120427492131
  endofexp_other_rating_pos: 0.9381133734875862
  endofexp_other_rating_zero: 0.06125921446966466
  endofexp_p_self_action_press: 0.08
  endofexp_self_rating_neg: 0.638716346195144
  endofexp_self_rating_pos: 0.03845560111384257
  endofexp_self_rating_zero: 0.3228280526910135
