results:
  endofexp_other_rating_neg: 0.3472471010414229
  endofexp_other_rating_pos: 0.2978074036416412
  endofexp_other_rating_zero: 0.35494549531693587
  endofexp_p_self_action_press: 0.32
  endofexp_self_rating_neg: 0.9943109529342385
  endofexp_self_rating_pos: 9.157803930644785e-06
  endofexp_self_rating_zero: 0.005679889261830782
