results:
  endofexp_other_rating_neg: 0.00020062047039900595
  endofexp_other_rating_pos: 0.9642501529422016
  endofexp_other_rating_zero: 0.0355492265873995
  endofexp_p_self_action_press: 0.08
  endofexp_self_rating_neg: 0.3193814205320624
  endofexp_self_rating_pos: 0.1969350146078874
  endofexp_self_rating_zero: 0.4836835648600502
