results:
  endofexp_other_rating_neg: 0.21724344627650985
  endofexp_other_rating_pos: 0.4928813249122754
  endofexp_other_rating_zero: 0.28987522881121475
  endofexp_p_self_action_press: 0.44
  endofexp_self_rating_neg: 0.24581453203775316
  endofexp_self_rating_pos: 0.49280864460393475
  endofexp_self_rating_zero: 0.26137682335831214
