results:
  endofexp_other_rating_neg: 0.2131957377895884
  endofexp_other_rating_pos: 0.2536030181461339
  endofexp_other_rating_zero: 0.5332012440642777
  endofexp_p_self_action_press: 0.64
  endofexp_self_rating_neg: 0.0002780891403356355
  endofexp_self_rating_pos: 0.9647145576636604
  endofexp_self_rating_zero: 0.035007353196003815
