results:
  endofexp_other_rating_neg: 0.40988886522376916
  endofexp_other_rating_pos: 0.0797324094912728
  endofexp_other_rating_zero: 0.5103787252849581
  endofexp_p_self_action_press: 0.64
  endofexp_self_rating_neg: 0.00017847202387239331
  endofexp_self_rating_pos: 0.9690990559095667
  endofexp_self_rating_zero: 0.030722472066560792
