results:
  endofexp_other_rating_neg: 0.0002597450293195461
  endofexp_other_rating_pos: 0.9639248855933849
  endofexp_other_rating_zero: 0.03581536937729569
  endofexp_p_self_action_press: 0.08
  endofexp_self_rating_neg: 0.30002789791609213
  endofexp_self_rating_pos: 0.22437062912749667
  endofexp_self_rating_zero: 0.4756014729564112
