results:
  endofexp_other_rating_neg: 0.0002836316010999295
  endofexp_other_rating_pos: 0.959080155959812
  endofexp_other_rating_zero: 0.04063621243908801
  endofexp_p_self_action_press: 0.08
  endofexp_self_rating_neg: 0.4835555122058702
  endofexp_self_rating_pos: 0.09249765479624304
  endofexp_self_rating_zero: 0.42394683299788694
