results:
  endofexp_other_rating_neg: 0.836835500183528
  endofexp_other_rating_pos: 0.002495935099947758
  endofexp_other_rating_zero: 0.16066856471652421
  endofexp_p_self_action_press: 0.08
  endofexp_self_rating_neg: 0.2662641388082756
  endofexp_self_rating_pos: 0.07306130764139575
  endofexp_self_rating_zero: 0.6606745535503287
