results:
  endofexp_other_rating_neg: 0.47178493881864153
  endofexp_other_rating_pos: 0.19231547570912377
  endofexp_other_rating_zero: 0.33589958547223475
  endofexp_p_self_action_press: 0.24
  endofexp_self_rating_neg: 0.9838303675978709
  endofexp_self_rating_pos: 4.747061337686389e-05
  endofexp_self_rating_zero: 0.016122161788752285
