results:
  endofexp_other_rating_neg: 0.2707395629815765
  endofexp_other_rating_pos: 0.40406170093539606
  endofexp_other_rating_zero: 0.3251987360830275
  endofexp_p_self_action_press: 0.52
  endofexp_self_rating_neg: 0.18651268836517698
  endofexp_self_rating_pos: 0.5030065185977373
  endofexp_self_rating_zero: 0.3104807930370857
