results:
  endofexp_other_rating_neg: 0.7841734836008025
  endofexp_other_rating_pos: 0.01089910686907035
  endofexp_other_rating_zero: 0.20492740953012697
  endofexp_p_self_action_press: 0.08
  endofexp_self_rating_neg: 0.651065719531164
  endofexp_self_rating_pos: 0.006394822071705515
  endofexp_self_rating_zero: 0.34253945839713057
