results:
  endofexp_other_rating_neg: 0.015042451928104448
  endofexp_other_rating_pos: 0.810532060760347
  endofexp_other_rating_zero: 0.1744254873115484
  endofexp_p_self_action_press: 0.08
  endofexp_self_rating_neg: 0.48384168132884925
  endofexp_self_rating_pos: 0.04803446994193946
  endofexp_self_rating_zero: 0.4681238487292113
