results:
  endofexp_other_rating_neg: 0.516953862971587
  endofexp_other_rating_pos: 0.0676121426538584
  endofexp_other_rating_zero: 0.4154339943745547
  endofexp_p_self_action_press: 0.64
  endofexp_self_rating_neg: 1.0543487420088554e-05
  endofexp_self_rating_pos: 0.9864408578124455
  endofexp_self_rating_zero: 0.013548598700134574
