results:
  endofexp_other_rating_neg: 0.2731373440047365
  endofexp_other_rating_pos: 0.17218158568831218
  endofexp_other_rating_zero: 0.5546810703069514
  endofexp_p_self_action_press: 0.6
  endofexp_self_rating_neg: 0.00011418957493517288
  endofexp_self_rating_pos: 0.9760462613006545
  endofexp_self_rating_zero: 0.023839549124410442
