results:
  endofexp_other_rating_neg: 0.4043935409640789
  endofexp_other_rating_pos: 0.18761737981599477
  endofexp_other_rating_zero: 0.4079890792199263
  endofexp_p_self_action_press: 0.52
  endofexp_self_rating_neg: 0.0545866302021418
  endofexp_self_rating_pos: 0.6874507606711809
  endofexp_self_rating_zero: 0.25796260912667734
