results:
  endofexp_other_rating_neg: 0.39477367561316795
  endofexp_other_rating_pos: 0.2684006810054395
  endofexp_other_rating_zero: 0.3368256433813924
  endofexp_p_self_action_press: 0.48
  endofexp_self_rating_neg: 0.3987915638937551
  endofexp_self_rating_pos: 0.26021466225404316
  endofexp_self_rating_zero: 0.34099377385220175
