results:
  endofexp_other_rating_neg: 0.2520156255251076
  endofexp_other_rating_pos: 0.41184851461694827
  endofexp_other_rating_zero: 0.3361358598579441
  endofexp_p_self_action_press: 0.52
  endofexp_self_rating_neg: 0.3022778245040281
  endofexp_self_rating_pos: 0.328306791980789
  endofexp_self_rating_zero: 0.3694153835151829
