results:
  endofexp_other_rating_neg: 0.08743035131672766
  endofexp_other_rating_pos: 0.3017068386577984
  endofexp_other_rating_zero: 0.610862810025474
  endofexp_p_self_action_press: 0.28
  endofexp_self_rating_neg: 0.9443512868081165
  endofexp_self_rating_pos: 0.0002635590090595402
  endofexp_self_rating_zero: 0.05538515418282392
