results:
  endofexp_other_rating_neg: 0.1534866377022481
  endofexp_other_rating_pos: 0.27040783289907344
  endofexp_other_rating_zero: 0.5761055293986784
  endofexp_p_self_action_press: 0.6
  endofexp_self_rating_neg: 0.00014077263989651376
  endofexp_self_rating_pos: 0.9708678362651166
  endofexp_self_rating_zero: 0.02899139109498693
