results:
  endofexp_other_rating_neg: 0.13218519084900107
  endofexp_other_rating_pos: 0.30352368735356583
  endofexp_other_rating_zero: 0.5642911217974331
  endofexp_p_self_action_press: 0.48
  endofexp_self_rating_neg: 0.00041273680820332824
  endofexp_self_rating_pos: 0.9558557513837167
  endofexp_self_rating_zero: 0.043731511808079895
