results:
  endofexp_other_rating_neg: 0.0314192927320115
  endofexp_other_rating_pos: 0.5634840539294153
  endofexp_other_rating_zero: 0.40509665333857325
  endofexp_p_self_action_press: 0.6
  endofexp_self_rating_neg: 0.00027177877503462683
  endofexp_self_rating_pos: 0.9650665256721407
  endofexp_self_rating_zero: 0.03466169555282486
