results:
  endofexp_other_rating_neg: 0.9482846568575002
  endofexp_other_rating_pos: 0.00047728858469966377
  endofexp_other_rating_zero: 0.05123805455780007
  endofexp_p_self_action_press: 0.08
  endofexp_self_rating_neg: 0.3037140115071942
  endofexp_self_rating_pos: 0.23908226826699933
  endofexp_self_rating_zero: 0.4572037202258065
