results:
  endofexp_other_rating_neg: 0.3116996397058425
  endofexp_other_rating_pos: 0.30125149523411776
  endofexp_other_rating_zero: 0.3870488650600398
  endofexp_p_self_action_press: 0.76
  endofexp_self_rating_neg: 0.02929614557278511
  endofexp_self_rating_pos: 0.7597476537437793
  endofexp_self_rating_zero: 0.21095620068343557
