results:
  endofexp_other_rating_neg: 0.0006993647991749204
  endofexp_other_rating_pos: 0.9401725360025193
  endofexp_other_rating_zero: 0.05912809919830573
  endofexp_p_self_action_press: 0.08
  endofexp_self_rating_neg: 0.5568626150052651
  endofexp_self_rating_pos: 0.06819054014880224
  endofexp_self_rating_zero: 0.37494684484593266
