results:
  endofexp_other_rating_neg: 0.4345617821112931
  endofexp_other_rating_pos: 0.22054079799025528
  endofexp_other_rating_zero: 0.34489741989845163
  endofexp_p_self_action_press: 0.32
  endofexp_self_rating_neg: 0.9927378191139787
  endofexp_self_rating_pos: 7.737671369866982e-06
  endofexp_self_rating_zero: 0.007254443214651362
