results:
  endofexp_other_rating_neg: 0.09933376858691456
  endofexp_other_rating_pos: 0.42280572035904124
  endofexp_other_rating_zero: 0.47786051105404426
  endofexp_p_self_action_press: 0.64
  endofexp_self_rating_neg: 0.00020341149709770807
  endofexp_self_rating_pos: 0.9755459347353088
  endofexp_self_rating_zero: 0.024250653767593534
