results:
  endofexp_other_rating_neg: 0.23586121703823648
  endofexp_other_rating_pos: 0.14979021298902667
  endofexp_other_rating_zero: 0.6143485699727368
  endofexp_p_self_action_press: 0.28
  endofexp_self_rating_neg: 0.9625490973477957
  endofexp_self_rating_pos: 0.00015265649325562104
  endofexp_self_rating_zero: 0.03729824615894868
