results:
  endofexp_other_rating_neg: 0.0005269040922936678
  endofexp_other_rating_pos: 0.9469562377101899
  endofexp_other_rating_zero: 0.052516858197516406
  endofexp_p_self_action_press: 0.08
  endofexp_self_rating_neg: 0.08819453631210585
  endofexp_self_rating_pos: 0.5144941917399083
  endofexp_self_rating_zero: 0.39731127194798593
