results:
  endofexp_other_rating_neg: 0.0009856684256735824
  endofexp_other_rating_pos: 0.9391213749463647
  endofexp_other_rating_zero: 0.059892956627961666
  endofexp_p_self_action_press: 0.08
  endofexp_self_rating_neg: 0.4727601626296505
  endofexp_self_rating_pos: 0.10671949177066578
  endofexp_self_rating_zero: 0.42052034559968376
