results:
  endofexp_other_rating_neg: 0.0007054606521394816
  endofexp_other_rating_pos: 0.9396697360626151
  endofexp_other_rating_zero: 0.059624803285245546
  endofexp_p_self_action_press: 0.08
  endofexp_self_rating_neg: 0.5970970345352719
  endofexp_self_rating_pos: 0.050612825360937586
  endofexp_self_rating_zero: 0.35229014010379056
