results:
  endofexp_other_rating_neg: 0.37434225390387665
  endofexp_other_rating_pos: 0.11720678293921978
  endofexp_other_rating_zero: 0.5084509631569035
  endofexp_p_self_action_press: 0.64
  endofexp_self_rating_neg: 0.00017735358265169536
  endofexp_self_rating_pos: 0.9721711504078632
  endofexp_self_rating_zero: 0.027651496009485025
