results:
  endofexp_other_rating_neg: 0.6569802743745184
  endofexp_other_rating_pos: 0.01751744509947834
  endofexp_other_rating_zero: 0.3255022805260032
  endofexp_p_self_action_press: 0.68
  endofexp_self_rating_neg: 0.00011848873330764273
  endofexp_self_rating_pos: 0.9774466964757015
  endofexp_self_rating_zero: 0.022434814790990795
