results:
  endofexp_other_rating_neg: 0.49553467554223146
  endofexp_other_rating_pos: 0.1840141733828116
  endofexp_other_rating_zero: 0.32045115107495686
  endofexp_p_self_action_press: 0.56
  endofexp_self_rating_neg: 0.5054164281236613
  endofexp_self_rating_pos: 0.17320601599260282
  endofexp_self_rating_zero: 0.32137755588373595
