results:
  endofexp_other_rating_neg: 0.5942053325776565
  endofexp_other_rating_pos: 0.11070492039487187
  endofexp_other_rating_zero: 0.29508974702747154
  endofexp_p_self_action_press: 0.04
  endofexp_self_rating_neg: 0.2750313362149825
  endofexp_self_rating_pos: 0.37033164207726305
  endofexp_self_rating_zero: 0.35463702170775446
