results:
  endofexp_other_rating_neg: 0.3198448011470301
  endofexp_other_rating_pos: 0.3150310219167981
  endofexp_other_rating_zero: 0.3651241769361717
  endofexp_p_self_action_press: 0.4
  endofexp_self_rating_neg: 0.4899978330742898
  endofexp_self_rating_pos: 0.1755708905896324
  endofexp_self_rating_zero: 0.33443127633607783
