results:
  endofexp_other_rating_neg: 0.3505745137951108
  endofexp_other_rating_pos: 0.30679106744097134
  endofexp_other_rating_zero: 0.3426344187639177
  endofexp_p_self_action_press: 0.44
  endofexp_self_rating_neg: 0.25932443738440963
  endofexp_self_rating_pos: 0.31658733623703406
  endofexp_self_rating_zero: 0.4240882263785563
