results:
  endofexp_other_rating_neg: 0.33578719367583904
  endofexp_other_rating_pos: 0.09384895496921068
  endofexp_other_rating_zero: 0.5703638513549503
  endofexp_p_self_action_press: 0.28
  endofexp_self_rating_neg: 0.9540154711119411
  endofexp_self_rating_pos: 0.00018162485451057736
  endofexp_self_rating_zero: 0.045802904033548274
