results:
  endofexp_other_rating_neg: 0.3312801121000303
  endofexp_other_rating_pos: 0.3229111546329229
  endofexp_other_rating_zero: 0.34580873326704675
  endofexp_p_self_action_press: 0.48
  endofexp_self_rating_neg: 0.3431232685225166
  endofexp_self_rating_pos: 0.2685070772330807
  endofexp_self_rating_zero: 0.3883696542444028
