results:
  endofexp_other_rating_neg: 0.4314731857339833
  endofexp_other_rating_pos: 0.09736949929244294
  endofexp_other_rating_zero: 0.4711573149735738
  endofexp_p_self_action_press: 0.6
  endofexp_self_rating_neg: 0.00028269618524144396
  endofexp_self_rating_pos: 0.9705307668237195
  endofexp_self_rating_zero: 0.029186536991039107
