results:
  endofexp_other_rating_neg: 0.00029991060305483786
  endofexp_other_rating_pos: 0.9428849475227732
  endofexp_other_rating_zero: 0.05681514187417202
  endofexp_p_self_action_press: 0.92
  endofexp_self_rating_neg: 0.008343147478592917
  endofexp_self_rating_pos: 0.746053312270481
  endofexp_self_rating_zero: 0.24560354025092604
