results:
  endofexp_other_rating_neg: 0.4942066406777745
  endofexp_other_rating_pos: 0.1818975403991353
  endofexp_other_rating_zero: 0.3238958189230902
  endofexp_p_self_action_press: 0.52
  endofexp_self_rating_neg: 0.14899317619499167
  endofexp_self_rating_pos: 0.5128293430703208
  endofexp_self_rating_zero: 0.33817748073468756
