results:
  endofexp_other_rating_neg: 0.01525629200377687
  endofexp_other_rating_pos: 0.8881720395987437
  endofexp_other_rating_zero: 0.09657166839747951
  endofexp_p_self_action_press: 0.08
  endofexp_self_rating_neg: 0.00254810111291872
  endofexp_self_rating_pos: 0.8735905203792826
  endofexp_self_rating_zero: 0.12386137850779866
