results:
  endofexp_other_rating_neg: 0.29348578322054203
  endofexp_other_rating_pos: 0.3435186815976211
  endofexp_other_rating_zero: 0.3629955351818368
  endofexp_p_self_action_press: 0.52
  endofexp_self_rating_neg: 0.3877616064383787
  endofexp_self_rating_pos: 0.2634832002885973
  endofexp_self_rating_zero: 0.34875519327302396
