results:
  endofexp_other_rating_neg: 0.8150302860877165
  endofexp_other_rating_pos: 0.0027035605526536284
  endofexp_other_rating_zero: 0.1822661533596298
  endofexp_p_self_action_press: 0.88
  endofexp_self_rating_neg: 0.009028574027900419
  endofexp_self_rating_pos: 0.49544792084863915
  endofexp_self_rating_zero: 0.49552350512346055
