results:
  endofexp_other_rating_neg: 0.16513424048713926
  endofexp_other_rating_pos: 0.325241881890604
  endofexp_other_rating_zero: 0.5096238776222567
  endofexp_p_self_action_press: 0.6
  endofexp_self_rating_neg: 0.00031266785673270586
  endofexp_self_rating_pos: 0.9711620980446686
  endofexp_self_rating_zero: 0.028525234098598525
