results:
  endofexp_other_rating_neg: 0.42115856130387724
  endofexp_other_rating_pos: 0.21741808868376675
  endofexp_other_rating_zero: 0.36142335001235587
  endofexp_p_self_action_press: 0.48
  endofexp_self_rating_neg: 0.3124138493297284
  endofexp_self_rating_pos: 0.3095708750439897
  endofexp_self_rating_zero: 0.37801527562628195
