results:
  endofexp_other_rating_neg: 0.36138771713918977
  endofexp_other_rating_pos: 0.07397353190046743
  endofexp_other_rating_zero: 0.5646387509603429
  endofexp_p_self_action_press: 0.32
  endofexp_self_rating_neg: 0.9492462095815206
  endofexp_self_rating_pos: 0.00028525763380989424
  endofexp_self_rating_zero: 0.050468532784669444
