results:
  endofexp_other_rating_neg: 0.2761083009873059
  endofexp_other_rating_pos: 0.3322241626125113
  endofexp_other_rating_zero: 0.39166753640018276
  endofexp_p_self_action_press: 0.48
  endofexp_self_rating_neg: 0.36091018648883216
  endofexp_self_rating_pos: 0.2573889742869658
  endofexp_self_rating_zero: 0.38170083922420206
