results:
  endofexp_other_rating_neg: 0.051999582343613945
  endofexp_other_rating_pos: 0.6871635193011025
  endofexp_other_rating_zero: 0.26083689835528356
  endofexp_p_self_action_press: 0.96
  endofexp_self_rating_neg: 0.2105860034547978
  endofexp_self_rating_pos: 0.4325929058878799
  endofexp_self_rating_zero: 0.35682109065732237
