results:
  endofexp_other_rating_neg: 0.23781693488998587
  endofexp_other_rating_pos: 0.41692834488060504
  endofexp_other_rating_zero: 0.3452547202294091
  endofexp_p_self_action_press: 0.48
  endofexp_self_rating_neg: 0.2600545271164354
  endofexp_self_rating_pos: 0.3650515649287567
  endofexp_self_rating_zero: 0.374893907954808
