results:
  endofexp_other_rating_neg: 0.34810862048656127
  endofexp_other_rating_pos: 0.29890501773993167
  endofexp_other_rating_zero: 0.35298636177350695
  endofexp_p_self_action_press: 0.44
  endofexp_self_rating_neg: 0.662605361098989
  endofexp_self_rating_pos: 0.05189139410500011
  endofexp_self_rating_zero: 0.28550324479601075
