results:
  endofexp_other_rating_neg: 0.0003884169124854549
  endofexp_other_rating_pos: 0.9584573350508704
  endofexp_other_rating_zero: 0.04115424803664417
  endofexp_p_self_action_press: 0.08
  endofexp_self_rating_neg: 0.19407905643799303
  endofexp_self_rating_pos: 0.33942802195830063
  endofexp_self_rating_zero: 0.4664929216037064
