results:
  endofexp_other_rating_neg: 0.44667967949338566
  endofexp_other_rating_pos: 0.08390387102360063
  endofexp_other_rating_zero: 0.46941644948301375
  endofexp_p_self_action_press: 0.6
  endofexp_self_rating_neg: 0.0001865474950987216
  endofexp_self_rating_pos: 0.9763278559299161
  endofexp_self_rating_zero: 0.023485596574985387
