results:
  endofexp_other_rating_neg: 0.006157610262732564
  endofexp_other_rating_pos: 0.9030063819184014
  endofexp_other_rating_zero: 0.090836007818866
  endofexp_p_self_action_press: 0.12
  endofexp_self_rating_neg: 0.10609883451891851
  endofexp_self_rating_pos: 0.47395499641986355
  endofexp_self_rating_zero: 0.419946169061218
