results:
  endofexp_other_rating_neg: 0.2863874537558521
  endofexp_other_rating_pos: 0.3231141277887931
  endofexp_other_rating_zero: 0.3904984184553547
  endofexp_p_self_action_press: 0.76
  endofexp_self_rating_neg: 0.020586323101417323
  endofexp_self_rating_pos: 0.7796570678335586
  endofexp_self_rating_zero: 0.1997566090650242
