results:
  endofexp_other_rating_neg: 0.9614603217753502
  endofexp_other_rating_pos: 0.00020504748372362206
  endofexp_other_rating_zero: 0.03833463074092603
  endofexp_p_self_action_press: 0.08
  endofexp_self_rating_neg: 0.20453570466742788
  endofexp_self_rating_pos: 0.32248275996259324
  endofexp_self_rating_zero: 0.4729815353699788
