results:
  endofexp_other_rating_neg: 0.3794809850588846
  endofexp_other_rating_pos: 0.21728924779463976
  endofexp_other_rating_zero: 0.40322976714647557
  endofexp_p_self_action_press: 0.44
  endofexp_self_rating_neg: 0.20724854673958296
  endofexp_self_rating_pos: 0.3965812731355358
  endofexp_self_rating_zero: 0.3961701801248812
