results:
  endofexp_other_rating_neg: 0.0005086843520500557
  endofexp_other_rating_pos: 0.9354013947832476
  endofexp_other_rating_zero: 0.06408992086470239
  endofexp_p_self_action_press: 0.04
  endofexp_self_rating_neg: 0.6275922292851018
  endofexp_self_rating_pos: 0.03550484700072197
  endofexp_self_rating_zero: 0.3369029237141762
