results:
  endofexp_other_rating_neg: 0.011648141208691044
  endofexp_other_rating_pos: 0.8239310005655173
  endofexp_other_rating_zero: 0.16442085822579172
  endofexp_p_self_action_press: 0.08
  endofexp_self_rating_neg: 0.27270810310320054
  endofexp_self_rating_pos: 0.1746609236025979
  endofexp_self_rating_zero: 0.5526309732942016
