results:
  endofexp_other_rating_neg: 0.24004789142167765
  endofexp_other_rating_pos: 0.04319957457704211
  endofexp_other_rating_zero: 0.7167525340012803
  endofexp_p_self_action_press: 0.52
  endofexp_self_rating_neg: 8.065032843425643e-05
  endofexp_self_rating_pos: 0.9914545951801255
  endofexp_self_rating_zero: 0.0084647544914403
