results:
  endofexp_other_rating_neg: 0.0002079787923394537
  endofexp_other_rating_pos: 0.9736498476590029
  endofexp_other_rating_zero: 0.02614217354865775
  endofexp_p_self_action_press: 0.88
  endofexp_self_rating_neg: 0.7166715532524552
  endofexp_self_rating_pos: 0.03039239808703884
  endofexp_self_rating_zero: 0.252936048660506
