results:
  endofexp_other_rating_neg: 0.9506754952950701
  endofexp_other_rating_pos: 0.00035479420952548634
  endofexp_other_rating_zero: 0.04896971049540439
  endofexp_p_self_action_press: 0.08
  endofexp_self_rating_neg: 0.15200343458713955
  endofexp_self_rating_pos: 0.4078859405884201
  endofexp_self_rating_zero: 0.4401106248244404
