results:
  endofexp_other_rating_neg: 0.47943665244863565
  endofexp_other_rating_pos: 0.12361335084004973
  endofexp_other_rating_zero: 0.39694999671131476
  endofexp_p_self_action_press: 0.48
  endofexp_self_rating_neg: 0.5169323762162397
  endofexp_self_rating_pos: 0.10053236488833263
  endofexp_self_rating_zero: 0.3825352588954277
