results:
  endofexp_other_rating_neg: 0.1102358708433144
  endofexp_other_rating_pos: 0.4098464128461412
  endofexp_other_rating_zero: 0.4799177163105443
  endofexp_p_self_action_press: 0.52
  endofexp_self_rating_neg: 0.00039743488897329824
  endofexp_self_rating_pos: 0.9674370238320841
  endofexp_self_rating_zero: 0.032165541278942646
