results:
  endofexp_other_rating_neg: 0.23611584871853852
  endofexp_other_rating_pos: 0.4158692488591743
  endofexp_other_rating_zero: 0.3480149024222872
  endofexp_p_self_action_press: 0.28
  endofexp_self_rating_neg: 0.9943583172855728
  endofexp_self_rating_pos: 7.103990789176563e-06
  endofexp_self_rating_zero: 0.005634578723637966
