results:
  endofexp_other_rating_neg: 5.171921108793453e-05
  endofexp_other_rating_pos: 0.9944026294192297
  endofexp_other_rating_zero: 0.005545651369682338
  endofexp_p_self_action_press: 0.16
  endofexp_self_rating_neg: 0.07369163292837233
  endofexp_self_rating_pos: 0.14605043955676614
  endofexp_self_rating_zero: 0.7802579275148614
