results:
  endofexp_other_rating_neg: 0.9414777976571214
  endofexp_other_rating_pos: 0.0008975217078877622
  endofexp_other_rating_zero: 0.057624680634991036
  endofexp_p_self_action_press: 0.08
  endofexp_self_rating_neg: 0.4951960994283783
  endofexp_self_rating_pos: 0.08954046776357039
  endofexp_self_rating_zero: 0.41526343280805134
