results:
  endofexp_other_rating_neg: 0.28376749391847056
  endofexp_other_rating_pos: 0.36806917770772235
  endofexp_other_rating_zero: 0.34816332837380715
  endofexp_p_self_action_press: 0.4
  endofexp_self_rating_neg: 0.3655433857981852
  endofexp_self_rating_pos: 0.27571082133185376
  endofexp_self_rating_zero: 0.35874579286996094
