results:
  endofexp_other_rating_neg: 0.4398158151388404
  endofexp_other_rating_pos: 0.222308674630476
  endofexp_other_rating_zero: 0.3378755102306836
  endofexp_p_self_action_press: 0.52
  endofexp_self_rating_neg: 0.1617175885524151
  endofexp_self_rating_pos: 0.38747820548595485
  endofexp_self_rating_zero: 0.45080420596163007
