results:
  endofexp_other_rating_neg: 0.013996536870408433
  endofexp_other_rating_pos: 0.8173357969300867
  endofexp_other_rating_zero: 0.1686676661995048
  endofexp_p_self_action_press: 0.08
  endofexp_self_rating_neg: 0.39492646033184853
  endofexp_self_rating_pos: 0.08975913409331755
  endofexp_self_rating_zero: 0.5153144055748339
