results:
  endofexp_other_rating_neg: 0.0004545656629920221
  endofexp_other_rating_pos: 0.9521086095153115
  endofexp_other_rating_zero: 0.047436824821696325
  endofexp_p_self_action_press: 0.08
  endofexp_self_rating_neg: 0.15030216985025016
  endofexp_self_rating_pos: 0.4084159541872309
  endofexp_self_rating_zero: 0.44128187596251883
