results:
  endofexp_other_rating_neg: 0.5040140334509325
  endofexp_other_rating_pos: 0.10061674306043224
  endofexp_other_rating_zero: 0.3953692234886351
  endofexp_p_self_action_press: 0.44
  endofexp_self_rating_neg: 0.20123092510791274
  endofexp_self_rating_pos: 0.41185047290143484
  endofexp_self_rating_zero: 0.3869186019906524
