results:
  endofexp_other_rating_neg: 0.45575434904834694
  endofexp_other_rating_pos: 0.19843119377179685
  endofexp_other_rating_zero: 0.3458144571798562
  endofexp_p_self_action_press: 0.4
  endofexp_self_rating_neg: 0.4153314998725279
  endofexp_self_rating_pos: 0.2326257748150315
  endofexp_self_rating_zero: 0.35204272531244063
