results:
  endofexp_other_rating_neg: 0.002243744071822235
  endofexp_other_rating_pos: 0.9035368751903797
  endofexp_other_rating_zero: 0.09421938073779797
  endofexp_p_self_action_press: 0.08
  endofexp_self_rating_neg: 0.7115723949522375
  endofexp_self_rating_pos: 0.01962687416097752
  endofexp_self_rating_zero: 0.268800730886785
