results:
  endofexp_other_rating_neg: 0.00027916282125302306
  endofexp_other_rating_pos: 0.9500352317891827
  endofexp_other_rating_zero: 0.04968560538956424
  endofexp_p_self_action_press: 0.08
  endofexp_self_rating_neg: 0.19271656208461305
  endofexp_self_rating_pos: 0.3106197854595205
  endofexp_self_rating_zero: 0.4966636524558665
