results:
  endofexp_other_rating_neg: 0.15836651220964296
  endofexp_other_rating_pos: 0.34043275272967644
  endofexp_other_rating_zero: 0.5012007350606805
  endofexp_p_self_action_press: 0.28
  endofexp_self_rating_neg: 0.9720298408272549
  endofexp_self_rating_pos: 0.00028435466149450973
  endofexp_self_rating_zero: 0.027685804511250633
