results:
  endofexp_other_rating_neg: 0.9410564474180152
  endofexp_other_rating_pos: 0.00017890428272120514
  endofexp_other_rating_zero: 0.058764648299263575
  endofexp_p_self_action_press: 0.12
  endofexp_self_rating_neg: 0.023442122790089306
  endofexp_self_rating_pos: 0.5536266893421704
  endofexp_self_rating_zero: 0.4229311878677403
