results:
  endofexp_other_rating_neg: 0.011103775187152195
  endofexp_other_rating_pos: 0.8957578928048447
  endofexp_other_rating_zero: 0.093138332008003
  endofexp_p_self_action_press: 0.08
  endofexp_self_rating_neg: 0.027919429996373122
  endofexp_self_rating_pos: 0.688792081348678
  endofexp_self_rating_zero: 0.283288488654949
