results:
  endofexp_other_rating_neg: 0.3821899320565324
  endofexp_other_rating_pos: 0.22914081052471036
  endofexp_other_rating_zero: 0.3886692574187573
  endofexp_p_self_action_press: 0.8
  endofexp_self_rating_neg: 0.019993714036663123
  endofexp_self_rating_pos: 0.7780749600825162
  endofexp_self_rating_zero: 0.20193132588082055
