results:
  endofexp_other_rating_neg: 0.31085648616162614
  endofexp_other_rating_pos: 0.3466499645136845
  endofexp_other_rating_zero: 0.3424935493246893
  endofexp_p_self_action_press: 0.52
  endofexp_self_rating_neg: 0.4050033230410513
  endofexp_self_rating_pos: 0.21965045176663445
  endofexp_self_rating_zero: 0.37534622519231436
