results:
  endofexp_other_rating_neg: 0.09416245783024288
  endofexp_other_rating_pos: 0.43155217058200207
  endofexp_other_rating_zero: 0.474285371587755
  endofexp_p_self_action_press: 0.36
  endofexp_self_rating_neg: 0.9774919379068097
  endofexp_self_rating_pos: 0.0001867466056756742
  endofexp_self_rating_zero: 0.022321315487514662
