results:
  endofexp_other_rating_neg: 0.17326169453741033
  endofexp_other_rating_pos: 0.49661245413954647
  endofexp_other_rating_zero: 0.3301258513230431
  endofexp_p_self_action_press: 0.44
  endofexp_self_rating_neg: 0.4533161015457572
  endofexp_self_rating_pos: 0.18608782305502453
  endofexp_self_rating_zero: 0.3605960753992182
