results:
  endofexp_other_rating_neg: 0.14978766162628285
  endofexp_other_rating_pos: 0.3430028766396681
  endofexp_other_rating_zero: 0.507209461734049
  endofexp_p_self_action_press: 0.64
  endofexp_self_rating_neg: 0.0002210097408724688
  endofexp_self_rating_pos: 0.9742470540193617
  endofexp_self_rating_zero: 0.025531936239765733
