results:
  endofexp_other_rating_neg: 0.2158026565378488
  endofexp_other_rating_pos: 0.4507989780262726
  endofexp_other_rating_zero: 0.33339836543587864
  endofexp_p_self_action_press: 0.48
  endofexp_self_rating_neg: 0.34028606977467357
  endofexp_self_rating_pos: 0.31183664467026007
  endofexp_self_rating_zero: 0.3478772855550663
