results:
  endofexp_other_rating_neg: 0.1148859340784438
  endofexp_other_rating_pos: 0.6635743088712647
  endofexp_other_rating_zero: 0.22153975705029147
  endofexp_p_self_action_press: 0.28
  endofexp_self_rating_neg: 0.9887018355085359
  endofexp_self_rating_pos: 0.00019069739652972258
  endofexp_self_rating_zero: 0.011107467094934445
