results:
  endofexp_other_rating_neg: 6.575689631073792e-05
  endofexp_other_rating_pos: 0.9931538573787045
  endofexp_other_rating_zero: 0.00678038572498454
  endofexp_p_self_action_press: 0.16
  endofexp_self_rating_neg: 0.2648559535738763
  endofexp_self_rating_pos: 0.035154779048222416
  endofexp_self_rating_zero: 0.6999892673779012
