results:
  endofexp_other_rating_neg: 0.0003412549170807812
  endofexp_other_rating_pos: 0.9631051821145518
  endofexp_other_rating_zero: 0.036553562968367474
  endofexp_p_self_action_press: 0.12
  endofexp_self_rating_neg: 0.44153065035272687
  endofexp_self_rating_pos: 0.12059852901384696
  endofexp_self_rating_zero: 0.43787082063342625
