results:
  endofexp_other_rating_neg: 0.20834377145317068
  endofexp_other_rating_pos: 0.45150789634694777
  endofexp_other_rating_zero: 0.34014833219988155
  endofexp_p_self_action_press: 0.44
  endofexp_self_rating_neg: 0.035127542878548836
  endofexp_self_rating_pos: 0.6520811428896316
  endofexp_self_rating_zero: 0.3127913142318196
