results:
  endofexp_other_rating_neg: 0.18608280216158285
  endofexp_other_rating_pos: 0.3002448334360829
  endofexp_other_rating_zero: 0.5136723644023342
  endofexp_p_self_action_press: 0.28
  endofexp_self_rating_neg: 0.9720678359375324
  endofexp_self_rating_pos: 0.0002794720584848397
  endofexp_self_rating_zero: 0.02765269200398274
