results:
  endofexp_other_rating_neg: 0.959008075846012
  endofexp_other_rating_pos: 0.0003679559540428889
  endofexp_other_rating_zero: 0.04062396819994516
  endofexp_p_self_action_press: 0.08
  endofexp_self_rating_neg: 0.18289598493112177
  endofexp_self_rating_pos: 0.34707753642259326
  endofexp_self_rating_zero: 0.4700264786462851
