results:
  endofexp_other_rating_neg: 0.2984403697766137
  endofexp_other_rating_pos: 0.3480125089030604
  endofexp_other_rating_zero: 0.35354712132032584
  endofexp_p_self_action_press: 0.28
  endofexp_self_rating_neg: 0.9924069605829837
  endofexp_self_rating_pos: 5.397570339605097e-06
  endofexp_self_rating_zero: 0.007587641846676694
