results:
  endofexp_other_rating_neg: 0.6814737895197244
  endofexp_other_rating_pos: 0.05526358009695472
  endofexp_other_rating_zero: 0.26326263038332104
  endofexp_p_self_action_press: 0.04
  endofexp_self_rating_neg: 0.4079071387464366
  endofexp_self_rating_pos: 0.23440540726842682
  endofexp_self_rating_zero: 0.3576874539851366
