results:
  endofexp_other_rating_neg: 0.3636291921320244
  endofexp_other_rating_pos: 0.2926762913655647
  endofexp_other_rating_zero: 0.3436945165024109
  endofexp_p_self_action_press: 0.48
  endofexp_self_rating_neg: 0.4088436980815952
  endofexp_self_rating_pos: 0.18740149690632896
  endofexp_self_rating_zero: 0.4037548050120759
