results:
  endofexp_other_rating_neg: 0.07027217771961107
  endofexp_other_rating_pos: 0.4866432036258102
  endofexp_other_rating_zero: 0.4430846186545786
  endofexp_p_self_action_press: 0.36
  endofexp_self_rating_neg: 0.96672328036214
  endofexp_self_rating_pos: 0.000395855587012046
  endofexp_self_rating_zero: 0.03288086405084798
