results:
  endofexp_other_rating_neg: 0.41750925925436905
  endofexp_other_rating_pos: 0.22555810678436047
  endofexp_other_rating_zero: 0.3569326339612705
  endofexp_p_self_action_press: 0.44
  endofexp_self_rating_neg: 0.4237231574953188
  endofexp_self_rating_pos: 0.22496223987782915
  endofexp_self_rating_zero: 0.35131460262685216
