results:
  endofexp_other_rating_neg: 0.0005201712855957466
  endofexp_other_rating_pos: 0.9480639260005498
  endofexp_other_rating_zero: 0.05141590271385431
  endofexp_p_self_action_press: 0.08
  endofexp_self_rating_neg: 0.08899432737657888
  endofexp_self_rating_pos: 0.5139079345839566
  endofexp_self_rating_zero: 0.3970977380394645
