results:
  endofexp_other_rating_neg: 0.0005233786117892004
  endofexp_other_rating_pos: 0.9692638964659533
  endofexp_other_rating_zero: 0.030212724922257385
  endofexp_p_self_action_press: 0.08
  endofexp_self_rating_neg: 0.11631258657939476
  endofexp_self_rating_pos: 0.5572461644667257
  endofexp_self_rating_zero: 0.32644124895387955
