results:
  endofexp_other_rating_neg: 0.005521351771502688
  endofexp_other_rating_pos: 0.935298918705875
  endofexp_other_rating_zero: 0.059179729522622376
  endofexp_p_self_action_press: 0.08
  endofexp_self_rating_neg: 0.3708358233224764
  endofexp_self_rating_pos: 0.25282526363386243
  endofexp_self_rating_zero: 0.3763389130436612
