results:
  endofexp_other_rating_neg: 0.4025831272911283
  endofexp_other_rating_pos: 0.06849819836173497
  endofexp_other_rating_zero: 0.5289186743471368
  endofexp_p_self_action_press: 0.64
  endofexp_self_rating_neg: 0.00012423283868466132
  endofexp_self_rating_pos: 0.9745623041493294
  endofexp_self_rating_zero: 0.025313463011985886
