results:
  endofexp_other_rating_neg: 0.9530516808477026
  endofexp_other_rating_pos: 0.0003418262415109637
  endofexp_other_rating_zero: 0.0466064929107862
  endofexp_p_self_action_press: 0.92
  endofexp_self_rating_neg: 0.020947072082754127
  endofexp_self_rating_pos: 0.7083506010256692
  endofexp_self_rating_zero: 0.2707023268915767
