results:
  endofexp_other_rating_neg: 0.43757095270181645
  endofexp_other_rating_pos: 0.20706257374959544
  endofexp_other_rating_zero: 0.3553664735485882
  endofexp_p_self_action_press: 0.56
  endofexp_self_rating_neg: 0.3644440256585786
  endofexp_self_rating_pos: 0.2769354910878045
  endofexp_self_rating_zero: 0.35862048325361695
