results:
  endofexp_other_rating_neg: 0.07385946009867865
  endofexp_other_rating_pos: 0.3990136078932231
  endofexp_other_rating_zero: 0.5271269320080982
  endofexp_p_self_action_press: 0.36
  endofexp_self_rating_neg: 0.9540953101743843
  endofexp_self_rating_pos: 0.0003045410063727948
  endofexp_self_rating_zero: 0.04560014881924289
