results:
  endofexp_other_rating_neg: 0.33588853397314294
  endofexp_other_rating_pos: 0.3163329648554599
  endofexp_other_rating_zero: 0.34777850117139714
  endofexp_p_self_action_press: 0.28
  endofexp_self_rating_neg: 0.1615935276446823
  endofexp_self_rating_pos: 0.4899107107165532
  endofexp_self_rating_zero: 0.3484957616387646
