results:
  endofexp_other_rating_neg: 0.8330954872008272
  endofexp_other_rating_pos: 0.0029113741856221374
  endofexp_other_rating_zero: 0.16399313861355075
  endofexp_p_self_action_press: 0.08
  endofexp_self_rating_neg: 0.27954454848839166
  endofexp_self_rating_pos: 0.09644880620180912
  endofexp_self_rating_zero: 0.6240066453097993
