results:
  endofexp_other_rating_neg: 0.1018164611408685
  endofexp_other_rating_pos: 0.12115075090801362
  endofexp_other_rating_zero: 0.7770327879511177
  endofexp_p_self_action_press: 0.52
  endofexp_self_rating_neg: 8.988796276157752e-05
  endofexp_self_rating_pos: 0.9915936103959359
  endofexp_self_rating_zero: 0.008316501641302685
