results:
  endofexp_other_rating_neg: 0.3467910534503054
  endofexp_other_rating_pos: 0.2997115942474707
  endofexp_other_rating_zero: 0.35349735230222384
  endofexp_p_self_action_press: 0.52
  endofexp_self_rating_neg: 0.24813273675008693
  endofexp_self_rating_pos: 0.40859511036388807
  endofexp_self_rating_zero: 0.3432721528860249
