results:
  endofexp_other_rating_neg: 0.5945767365485701
  endofexp_other_rating_pos: 0.11036503287865435
  endofexp_other_rating_zero: 0.2950582305727755
  endofexp_p_self_action_press: 0.04
  endofexp_self_rating_neg: 0.2742443694806033
  endofexp_self_rating_pos: 0.37114435011755914
  endofexp_self_rating_zero: 0.3546112804018376
