results:
  endofexp_other_rating_neg: 0.00035580308483579515
  endofexp_other_rating_pos: 0.9485940601168517
  endofexp_other_rating_zero: 0.051050136798312475
  endofexp_p_self_action_press: 0.88
  endofexp_self_rating_neg: 0.057614542419614036
  endofexp_self_rating_pos: 0.5632365307473534
  endofexp_self_rating_zero: 0.3791489268330327
