results:
  endofexp_other_rating_neg: 0.22415384411149403
  endofexp_other_rating_pos: 0.45356469433225177
  endofexp_other_rating_zero: 0.3222814615562542
  endofexp_p_self_action_press: 0.44
  endofexp_self_rating_neg: 0.2833247113886301
  endofexp_self_rating_pos: 0.36163319704660474
  endofexp_self_rating_zero: 0.3550420915647653
