results:
  endofexp_other_rating_neg: 0.27458486269303783
  endofexp_other_rating_pos: 0.38149257081371896
  endofexp_other_rating_zero: 0.3439225664932432
  endofexp_p_self_action_press: 0.56
  endofexp_self_rating_neg: 0.23931738000121552
  endofexp_self_rating_pos: 0.35682553420669705
  endofexp_self_rating_zero: 0.4038570857920874
