results:
  endofexp_other_rating_neg: 0.09621018950726377
  endofexp_other_rating_pos: 0.36177189905527785
  endofexp_other_rating_zero: 0.5420179114374584
  endofexp_p_self_action_press: 0.68
  endofexp_self_rating_neg: 0.00012109239673519851
  endofexp_self_rating_pos: 0.9633350605722093
  endofexp_self_rating_zero: 0.03654384703105547
