results:
  endofexp_other_rating_neg: 0.4946745668071372
  endofexp_other_rating_pos: 0.0788963091550358
  endofexp_other_rating_zero: 0.42642912403782696
  endofexp_p_self_action_press: 0.64
  endofexp_self_rating_neg: 1.3890472106426888e-05
  endofexp_self_rating_pos: 0.9859710144051798
  endofexp_self_rating_zero: 0.01401509512271377
