results:
  endofexp_other_rating_neg: 0.21617674093518213
  endofexp_other_rating_pos: 0.19693061926306077
  endofexp_other_rating_zero: 0.5868926398017572
  endofexp_p_self_action_press: 0.64
  endofexp_self_rating_neg: 0.00016550687470657822
  endofexp_self_rating_pos: 0.9667471953599905
  endofexp_self_rating_zero: 0.03308729776530285
