results:
  endofexp_other_rating_neg: 0.9484945646458891
  endofexp_other_rating_pos: 0.0006244826273705819
  endofexp_other_rating_zero: 0.05088095272674017
  endofexp_p_self_action_press: 0.08
  endofexp_self_rating_neg: 0.4600664408772789
  endofexp_self_rating_pos: 0.11190136591256472
  endofexp_self_rating_zero: 0.4280321932101564
