results:
  endofexp_other_rating_neg: 0.834043700476045
  endofexp_other_rating_pos: 0.010467661858903236
  endofexp_other_rating_zero: 0.15548863766505183
  endofexp_p_self_action_press: 0.08
  endofexp_self_rating_neg: 0.2219105920905582
  endofexp_self_rating_pos: 0.20250235818759277
  endofexp_self_rating_zero: 0.575587049721849
