results:
  endofexp_other_rating_neg: 0.03345509087270342
  endofexp_other_rating_pos: 0.45116172959370665
  endofexp_other_rating_zero: 0.51538317953359
  endofexp_p_self_action_press: 0.28
  endofexp_self_rating_neg: 0.9492681132018127
  endofexp_self_rating_pos: 0.00014048435189195033
  endofexp_self_rating_zero: 0.05059140244629553
