results:
  endofexp_other_rating_neg: 0.23118702580570258
  endofexp_other_rating_pos: 0.2873306283374384
  endofexp_other_rating_zero: 0.4814823458568591
  endofexp_p_self_action_press: 0.32
  endofexp_self_rating_neg: 0.9739950709740309
  endofexp_self_rating_pos: 0.0003853185442009903
  endofexp_self_rating_zero: 0.02561961048176798
