results:
  endofexp_other_rating_neg: 4.0671652779263224e-05
  endofexp_other_rating_pos: 0.9635972542783413
  endofexp_other_rating_zero: 0.03636207406887949
  endofexp_p_self_action_press: 0.88
  endofexp_self_rating_neg: 0.010146421424552337
  endofexp_self_rating_pos: 0.6172658608468857
  endofexp_self_rating_zero: 0.37258771772856186
