results:
  endofexp_other_rating_neg: 0.14439039476773932
  endofexp_other_rating_pos: 0.348395695322871
  endofexp_other_rating_zero: 0.5072139099093896
  endofexp_p_self_action_press: 0.64
  endofexp_self_rating_neg: 0.00015581636709222196
  endofexp_self_rating_pos: 0.977929635877031
  endofexp_self_rating_zero: 0.021914547755876763
