results:
  endofexp_other_rating_neg: 0.43249806813587927
  endofexp_other_rating_pos: 0.09897383376581023
  endofexp_other_rating_zero: 0.46852809809831053
  endofexp_p_self_action_press: 0.64
  endofexp_self_rating_neg: 0.0002740708105314292
  endofexp_self_rating_pos: 0.9697023830936649
  endofexp_self_rating_zero: 0.030023546095803925
